sensor_type	dt	px	py	vx	vy	estimate_x	estimate_y	estimate_vx	estimate_vy	rmse_x	rmse_y	rmse_vx	rmse_vy	NIS_lidar	NIS_radar
R	11477010443000000	0.359997	0.600041	-4.80025	0.0016588	0.201778	0.385989	-5.2	-0	0.158219	0.214052	0.39975	0.0016588	0	0
L	11477010443050000	0.119984	0.600207	-4.80057	0.00497648	-0.00791975	0.433355	-5.14047	-0.0894807	0.143862	0.191909	0.371035	0.0668016	6.16546	0
R	11477010443100000	-0.120044	0.600581	-4.801	0.00995308	-0.10183	0.509581	-4.95677	-0.193371	0.117933	0.165266	0.316016	0.129442	6.16546	9.41108
L	11477010443150000	-0.360093	0.601244	-4.80155	0.0165887	-0.350035	0.501943	-4.95681	-0.194795	0.102256	0.151492	0.284475	0.154069	0.223766	9.41108
R	11477010443200000	-0.60017	0.602281	-4.80221	0.0248832	-0.594487	0.511608	-4.94307	-0.116745	0.0914962	0.141436	0.262124	0.151662	0.223766	1.73697
L	11477010443250000	-0.840279	0.603774	-4.80296	0.0348368	-0.845113	0.508031	-4.94911	-0.118931	0.0835475	0.1349	0.246612	0.152015	0.270177	1.73697
R	11477010443300000	-1.08042	0.605806	-4.8038	0.0464493	-1.09494	0.550699	-4.93294	0.0960249	0.0775444	0.126618	0.233478	0.141981	0.270177	5.04081
L	11477010443350000	-1.32061	0.608459	-4.80472	0.0597206	-1.3339	0.553586	-4.9191	0.127345	0.0726881	0.120019	0.222111	0.134946	0.649236	5.04081
R	11477010443400000	-1.56084	0.611818	-4.8057	0.0746505	-1.55984	0.59289	-4.84419	0.296913	0.0685318	0.11333	0.209801	0.147228	0.649236	6.19769
L	11477010443450000	-1.80112	0.615965	-4.80673	0.0912385	-1.77637	0.60484	-4.79777	0.357446	0.0654844	0.107572	0.199055	0.16308	4.64422	6.19769
R	11477010443500000	-2.04145	0.620982	-4.80778	0.109484	-2.00293	0.634179	-4.76202	0.435628	0.0635079	0.102643	0.190292	0.183976	4.64422	1.28842
L	11477010443550000	-2.28182	0.626953	-4.80884	0.129387	-2.24589	0.667352	-4.76495	0.495698	0.0616827	0.0989629	0.182631	0.205447	0.772924	1.28842
R	11477010443600000	-2.52225	0.63396	-4.80989	0.150946	-2.49669	0.630745	-4.78737	0.333044	0.0596854	0.0950847	0.175577	0.203746	0.772924	6.19114
L	11477010443650000	-2.76273	0.642086	-4.81089	0.174159	-2.73796	0.666572	-4.7874	0.406841	0.0578939	0.0918593	0.169307	0.205948	1.60463	6.19114
R	11477010443700000	-3.00325	0.651414	-4.81184	0.199026	-2.98838	0.694509	-4.79055	0.439928	0.0560625	0.0894394	0.163658	0.208461	1.60463	5.80292
L	11477010443750000	-3.24381	0.662026	-4.8127	0.225545	-3.23696	0.734826	-4.79952	0.506281	0.0543093	0.0884911	0.158496	0.213695	1.32421	5.80292
R	11477010443800000	-3.48441	0.674004	-4.81344	0.253712	-3.47866	0.729816	-4.79619	0.458651	0.0527062	0.0869096	0.15382	0.21319	1.32421	1.54755
L	11477010443850000	-3.72504	0.687432	-4.81403	0.283526	-3.7237	0.710926	-4.80228	0.385103	0.0512222	0.0846423	0.149512	0.208562	4.95427	1.54755
R	11477010443900000	-3.9657	0.702391	-4.81445	0.314984	-3.96198	0.742033	-4.80594	0.433278	0.0498633	0.0828852	0.145538	0.204806	4.95427	0.693496
L	11477010443950000	-4.20636	0.718963	-4.81465	0.348081	-4.23078	0.720851	-4.8409	0.354737	0.0489065	0.0807876	0.141974	0.199625	6.14994	0.693496
R	11477010444000000	-4.44703	0.73723	-4.81461	0.382812	-4.4735	0.720991	-4.84371	0.335235	0.0480762	0.0789202	0.138698	0.195091	6.14994	0.751139
L	11477010444050000	-4.68769	0.757274	-4.81428	0.419174	-4.71634	0.758672	-4.84338	0.391912	0.0473664	0.0771063	0.135651	0.190694	0.79099	0.751139
R	11477010444100000	-4.92832	0.779176	-4.81363	0.45716	-4.94617	0.80262	-4.83962	0.461267	0.0464746	0.0755697	0.13278	0.186504	0.79099	4.4939
L	11477010444150000	-5.1689	0.803017	-4.81263	0.496763	-5.20124	0.808662	-4.85424	0.445271	0.0459726	0.0739876	0.130261	0.18288	0.85566	4.4939
R	11477010444200000	-5.40943	0.828877	-4.81122	0.537976	-5.46013	0.804292	-4.89176	0.412769	0.046171	0.0726593	0.128642	0.180926	0.85566	2.60215
L	11477010444250000	-5.64986	0.856837	-4.80937	0.580791	-5.6852	0.862849	-4.86598	0.501356	0.0458019	0.0712581	0.126632	0.178096	2.67473	2.60215
R	11477010444300000	-5.8902	0.886977	-4.80703	0.625197	-5.92401	0.923996	-4.83359	0.582808	0.0454143	0.070288	0.124369	0.174957	2.67473	5.80591
L	11477010444350000	-6.1304	0.919375	-4.80415	0.671184	-6.12884	0.943514	-4.78997	0.58938	0.0445969	0.069172	0.122158	0.172498	3.25774	5.80591
R	11477010444400000	-6.37044	0.954111	-4.8007	0.718741	-6.37313	0.977962	-4.82548	0.623503	0.0438241	0.0681131	0.120121	0.170418	3.25774	4.89471
L	11477010444450000	-6.61028	0.991262	-4.79662	0.767854	-6.6333	0.986308	-4.84654	0.601984	0.043292	0.0669744	0.118453	0.170268	1.30601	4.89471
R	11477010444500000	-6.84991	1.03091	-4.79187	0.818509	-6.87359	1.01466	-4.85381	0.619523	0.0427998	0.0659499	0.117057	0.17127	1.30601	1.1066
L	11477010444550000	-7.08928	1.07312	-4.78638	0.87069	-7.11379	1.08138	-4.84459	0.702075	0.042348	0.0649277	0.115672	0.171188	1.26886	1.1066
R	11477010444600000	-7.32835	1.11798	-4.78012	0.92438	-7.36325	1.09028	-4.85082	0.676326	0.0421415	0.0641179	0.114569	0.174017	1.26886	1.83421
L	11477010444650000	-7.56709	1.16556	-4.77304	0.979561	-7.59975	1.13	-4.84079	0.706522	0.0418934	0.0634617	0.113468	0.177718	0.0924083	1.83421
R	11477010444700000	-7.80545	1.21593	-4.76506	1.03621	-7.82129	1.16605	-4.81586	0.729015	0.0413773	0.0631143	0.112164	0.182695	0.0924083	3.77487
L	11477010444750000	-8.04339	1.26918	-4.75615	1.09431	-8.05415	1.19878	-4.80461	0.742965	0.040838	0.0633281	0.11089	0.189419	0.158748	3.77487
R	11477010444800000	-8.28085	1.32536	-4.74625	1.15383	-8.28956	1.2793	-4.80046	0.840094	0.0403078	0.0629238	0.109744	0.19383	0.158748	4.7486
L	11477010444850000	-8.51779	1.38455	-4.7353	1.21475	-8.52193	1.31845	-4.78849	0.858511	0.0397795	0.0630094	0.108633	0.199802	0.140711	4.7486
R	11477010444900000	-8.75416	1.44681	-4.72324	1.27704	-8.74291	1.3581	-4.71989	0.870342	0.0393075	0.063798	0.107233	0.207698	0.140711	5.27083
L	11477010444950000	-8.98989	1.51223	-4.71002	1.34067	-8.97564	1.44104	-4.70553	0.960356	0.0388784	0.0639933	0.105886	0.213719	1.13808	5.27083
R	11477010445000000	-9.22493	1.58085	-4.69558	1.40561	-9.20714	1.47444	-4.72138	0.964108	0.0385017	0.065356	0.104665	0.222072	1.13808	4.76501
L	11477010445050000	-9.45921	1.65276	-4.67987	1.47183	-9.45917	1.50601	-4.73712	0.959025	0.0380406	0.0684287	0.103788	0.233245	0.664975	4.76501
R	11477010445100000	-9.69268	1.728	-4.66282	1.53929	-9.70317	1.52683	-4.76238	0.937231	0.0376297	0.0742614	0.103691	0.248128	0.664975	3.2127
L	11477010445150000	-9.92526	1.80665	-4.64437	1.60795	-9.97038	1.63591	-4.78026	1.06333	0.0378163	0.0777943	0.104533	0.258669	5.46144	3.2127
R	11477010445200000	-10.1569	1.88875	-4.62448	1.67776	-10.198	1.73799	-4.7469	1.17236	0.0378915	0.0801407	0.104964	0.266643	5.46144	6.75151
L	11477010445250000	-10.3875	1.97438	-4.60307	1.7487	-10.4019	1.83	-4.69492	1.25893	0.0375372	0.0820734	0.104696	0.273437	2.53475	6.75151
R	11477010445300000	-10.6169	2.06357	-4.58009	1.82071	-10.6538	1.90857	-4.72798	1.31999	0.037523	0.0842845	0.105799	0.280199	2.53475	2.37288
L	11477010445350000	-10.8452	2.15639	-4.55549	1.89375	-10.8836	1.97665	-4.71138	1.3555	0.0375422	0.0873435	0.107082	0.287943	0.0788274	2.37288
R	11477010445400000	-11.0722	2.25288	-4.52921	1.96776	-11.1118	2.0617	-4.69756	1.4182	0.0375864	0.0906593	0.108678	0.295606	0.0788274	1.7439
L	11477010445450000	-11.2979	2.35309	-4.50118	2.04269	-11.3031	2.20154	-4.61972	1.56817	0.037216	0.0922718	0.108884	0.300231	5.18725	1.7439
R	11477010445500000	-11.5221	2.45707	-4.47136	2.11849	-11.5422	2.28318	-4.62393	1.61246	0.0369568	0.0945519	0.109908	0.305601	5.18725	0.326076
L	11477010445550000	-11.7448	2.56486	-4.43968	2.1951	-11.7722	2.42452	-4.59094	1.75139	0.0367964	0.0956393	0.110848	0.30884	2.25183	0.326076
R	11477010445600000	-11.9658	2.6765	-4.4061	2.27246	-12.0218	2.53075	-4.61921	1.82806	0.0372501	0.0968253	0.113633	0.311944	2.25183	3.35814
L	11477010445650000	-12.1851	2.79202	-4.37055	2.35051	-12.2547	2.67112	-4.58822	1.95171	0.0380989	0.0973253	0.116408	0.313771	1.5589	3.35814
R	11477010445700000	-12.4026	2.91145	-4.333	2.42918	-12.4923	2.75861	-4.58374	1.97942	0.0396395	0.0986141	0.120198	0.316765	1.5589	0.798747
L	11477010445750000	-12.6182	3.03483	-4.29338	2.5084	-12.7025	2.92476	-4.51898	2.13482	0.0408654	0.0988303	0.122875	0.317868	2.52357	0.798747
R	11477010445800000	-12.8317	3.16218	-4.25165	2.5881	-12.9281	3.04482	-4.49733	2.20532	0.0424684	0.0991853	0.126065	0.319121	2.52357	0.703122
L	11477010445850000	-13.0431	3.29353	-4.20776	2.66821	-13.1245	3.22629	-4.41266	2.37001	0.0434364	0.0987221	0.127837	0.318772	3.09249	0.703122
R	11477010445900000	-13.2522	3.42888	-4.16167	2.74865	-13.321	3.34038	-4.35447	2.41391	0.0439895	0.0985577	0.129211	0.319049	3.09249	4.20292
L	11477010445950000	-13.459	3.56827	-4.11333	2.82935	-13.5063	3.49549	-4.27384	2.52057	0.0440466	0.0981836	0.129794	0.318881	1.84411	4.20292
R	11477010446000000	-13.6633	3.71169	-4.0627	2.91022	-13.7336	3.64712	-4.25553	2.61573	0.0446015	0.0977258	0.131072	0.318496	1.84411	4.5176
L	11477010446050000	-13.865	3.85915	-4.00974	2.99118	-13.933	3.78186	-4.20508	2.67569	0.045075	0.0974301	0.132356	0.318448	0.290774	4.5176
R	11477010446100000	-14.064	4.01066	-3.95441	3.07214	-14.1297	3.94033	-4.13471	2.76623	0.0454766	0.0970591	0.133252	0.318253	0.290774	2.69171
L	11477010446150000	-14.2602	4.16622	-3.89669	3.15303	-14.3187	4.11157	-4.06266	2.87218	0.0457092	0.0965399	0.133825	0.317702	0.707	2.69171
R	11477010446200000	-14.4535	4.32581	-3.83653	3.23373	-14.5389	4.27067	-4.03238	2.95015	0.0465775	0.0960382	0.134995	0.317205	0.707	5.66015
L	11477010446250000	-14.6436	4.48943	-3.77392	3.31417	-14.7213	4.47454	-3.94255	3.09302	0.0472036	0.0953255	0.135567	0.315967	1.70769	5.66015
R	11477010446300000	-14.8306	4.65706	-3.70883	3.39425	-14.9174	4.63537	-3.89004	3.15879	0.048036	0.0946486	0.136361	0.314917	1.70769	0.220362
L	11477010446350000	-15.0143	4.82869	-3.64123	3.47388	-15.0679	4.82095	-3.77651	3.25837	0.0481219	0.0939547	0.136345	0.313684	2.85415	0.220362
R	11477010446400000	-15.1945	5.00428	-3.5711	3.55294	-15.2451	4.97951	-3.7066	3.30734	0.0481594	0.0933191	0.136333	0.312803	2.85415	0.704861
L	11477010446450000	-15.3712	5.1838	-3.49844	3.63135	-15.4253	5.19002	-3.62771	3.43152	0.0482498	0.0926531	0.136234	0.311478	1.28068	0.704861
R	11477010446500000	-15.5441	5.36723	-3.42323	3.70901	-15.5853	5.38283	-3.5114	3.51474	0.0481577	0.0920169	0.135676	0.310134	1.28068	3.27933
L	11477010446550000	-15.7133	5.55452	-3.34546	3.78581	-15.7796	5.53219	-3.49026	3.5326	0.0484558	0.0914136	0.135807	0.309415	0.696337	3.27933
R	11477010446600000	-15.8785	5.74562	-3.26513	3.86164	-15.9443	5.69632	-3.42555	3.56934	0.0487353	0.0909685	0.136174	0.309187	0.696337	2.04478
L	11477010446650000	-16.0396	5.94048	-3.18223	3.9364	-16.079	5.89511	-3.31265	3.65429	0.0486216	0.0905056	0.136098	0.308837	1.75315	2.04478
R	11477010446700000	-16.1965	6.13906	-3.09679	4.00999	-16.2383	6.07565	-3.22838	3.70067	0.0485365	0.0901979	0.136039	0.308844	1.75315	1.0886
L	11477010446750000	-16.3491	6.34128	-3.00879	4.08229	-16.3748	6.31352	-3.10926	3.82991	0.0483061	0.0896591	0.135631	0.308168	1.64801	1.0886
R	11477010446800000	-16.4972	6.54708	-2.91826	4.1532	-16.511	6.4827	-3.00992	3.84673	0.048017	0.0893766	0.135152	0.308146	1.64801	6.13674
L	11477010446850000	-16.6407	6.75639	-2.82522	4.22261	-16.667	6.68424	-2.94573	3.91145	0.0478009	0.0891768	0.134974	0.308185	0.234876	6.13674
R	11477010446900000	-16.7795	6.96912	-2.72968	4.29042	-16.8198	6.88858	-2.88608	3.97592	0.0477131	0.0890728	0.135267	0.308266	0.234876	0.75542
L	11477010446950000	-16.9135	7.18521	-2.63167	4.3565	-17.0066	7.12326	-2.85626	4.07405	0.0485431	0.0887849	0.136744	0.307956	6.79583	0.75542
R	11477010447000000	-17.0425	7.40456	-2.53122	4.42077	-17.1275	7.34087	-2.72751	4.13674	0.0491593	0.0885184	0.137636	0.307672	6.79583	2.28261
L	11477010447050000	-17.1665	7.62707	-2.42838	4.4831	-17.2278	7.6012	-2.57775	4.25915	0.0493255	0.0880234	0.137785	0.306789	2.05499	2.28261
R	11477010447100000	-17.2852	7.85264	-2.32317	4.54339	-17.3597	7.80274	-2.51868	4.29382	0.0497039	0.0876628	0.138624	0.306163	2.05499	1.58732
L	11477010447150000	-17.3986	8.08118	-2.21565	4.60153	-17.4738	7.98117	-2.44175	4.2906	0.0500831	0.0878201	0.139987	0.30622	2.04105	1.58732
R	11477010447200000	-17.5066	8.31257	-2.10586	4.65742	-17.5799	8.21274	-2.32426	4.35457	0.0504179	0.0879709	0.141163	0.306181	2.04105	2.64666
L	11477010447250000	-17.6091	8.54669	-1.99386	4.71095	-17.7143	8.4425	-2.26316	4.41269	0.0513925	0.0881767	0.143313	0.30609	1.1588	2.64666
R	11477010447300000	-17.7059	8.78343	-1.87971	4.76202	-17.7923	8.65396	-2.11094	4.43321	0.0519283	0.0887606	0.144627	0.306361	1.1588	4.48296
L	11477010447350000	-17.797	9.02267	-1.76348	4.81052	-17.8643	8.92598	-1.9553	4.53835	0.0521288	0.0888547	0.14525	0.305994	1.82943	4.48296
R	11477010447400000	-17.8822	9.26426	-1.64522	4.85637	-17.9376	9.16878	-1.79007	4.58446	0.0521664	0.0889319	0.145245	0.305632	1.82943	4.55012
L	11477010447450000	-17.9614	9.50807	-1.52502	4.89946	-17.9556	9.46732	-1.55876	4.70458	0.0518794	0.0885407	0.14448	0.304623	5.56004	4.55012
R	11477010447500000	-18.0346	9.75398	-1.40296	4.9397	-18.0187	9.71462	-1.41557	4.74697	0.0516204	0.0881495	0.14369	0.303617	5.56004	1.6094
L	11477010447550000	-18.1016	10.0018	-1.27911	4.97699	-18.0954	9.95331	-1.31846	4.77972	0.0513432	0.0878147	0.142966	0.302662	0.126946	1.6094
R	11477010447600000	-18.1624	10.2515	-1.15357	5.01125	-18.1734	10.1749	-1.2325	4.78468	0.0510792	0.0877017	0.14243	0.301946	0.126946	6.66358
L	11477010447650000	-18.2169	10.5027	-1.02642	5.04239	-18.1788	10.4425	-1.03249	4.84073	0.0509589	0.0874546	0.141672	0.301055	2.99339	6.66358
R	11477010447700000	-18.265	10.7555	-0.897764	5.07032	-18.2581	10.6807	-0.999052	4.87414	0.0506949	0.0873309	0.141307	0.300142	2.99339	2.76713
L	11477010447750000	-18.3066	11.0095	-0.767697	5.09498	-18.3043	10.8892	-0.903961	4.85196	0.0504307	0.0877377	0.141255	0.299603	1.5772	2.76713
R	11477010447800000	-18.3417	11.2647	-0.636323	5.11627	-18.345	11.1313	-0.781551	4.86477	0.0501712	0.0883288	0.141297	0.299147	1.5772	0.674864
L	11477010447850000	-18.3702	11.5209	-0.503751	5.13414	-18.3356	11.4659	-0.562361	4.98551	0.0500366	0.0880526	0.140699	0.297995	7.0658	0.674864
R	11477010447900000	-18.392	11.778	-0.370091	5.14852	-18.373	11.7179	-0.468935	5.00478	0.0498199	0.0878151	0.140338	0.296838	7.0658	0.49269
L	11477010447950000	-18.4072	12.0356	-0.235457	5.15934	-18.3936	11.9707	-0.351377	5.0173	0.049589	0.0876155	0.140115	0.295691	0.00821653	0.49269
R	11477010448000000	-18.4156	12.2937	-0.099968	5.16654	-18.4254	12.2189	-0.293135	5.03714	0.0493525	0.0874979	0.140739	0.294505	0.00821653	2.74011
L	11477010448050000	-18.4171	12.552	0.0362564	5.17007	-18.4498	12.4856	-0.192769	5.06142	0.0492166	0.0873159	0.141871	0.293256	0.769183	2.74011
R	11477010448100000	-18.4119	12.8105	0.173093	5.16989	-18.4584	12.7496	-0.0803656	5.07893	0.049191	0.0870978	0.143373	0.291966	0.769183	1.58251
L	11477010448150000	-18.3998	13.0688	0.310414	5.16594	-18.4583	13.029	0.0449292	5.10922	0.0492893	0.0867658	0.145037	0.290612	0.822326	1.58251
R	11477010448200000	-18.3809	13.3269	0.448093	5.1582	-18.4388	13.271	0.20331	5.07569	0.049378	0.0865237	0.146308	0.289337	0.822326	3.45424
L	11477010448250000	-18.355	13.5845	0.585998	5.14663	-18.3869	13.5621	0.393646	5.10656	0.049242	0.0861422	0.14681	0.287995	1.79628	3.45424
R	11477010448300000	-18.3223	13.8414	0.723997	5.1312	-18.3719	13.8328	0.505765	5.11679	0.0492456	0.0857427	0.147638	0.28665	1.79628	3.30211
L	11477010448350000	-18.2826	14.0974	0.861956	5.11189	-18.3276	14.0989	0.65419	5.11267	0.0492082	0.0853449	0.148306	0.28532	0.241621	3.30211
R	11477010448400000	-18.2361	14.3524	0.999739	5.08868	-18.2866	14.3611	0.804288	5.09226	0.0492205	0.0849566	0.148807	0.284008	0.241621	2.47519
L	11477010448450000	-18.1827	14.6061	1.13721	5.06157	-18.2354	14.5967	0.932577	5.04867	0.049253	0.0845743	0.149408	0.282717	0.740775	2.47519
R	11477010448500000	-18.1224	14.8584	1.27423	5.03055	-18.1648	14.8526	1.12296	5.00286	0.0491956	0.0841943	0.149425	0.281453	0.740775	4.67027
L	11477010448550000	-18.0553	15.1091	1.41067	4.99562	-18.0825	15.1226	1.29013	4.99059	0.0490428	0.0838273	0.149192	0.280194	0.629027	4.67027
R	11477010448600000	-17.9814	15.3578	1.54638	4.95679	-18.0208	15.3799	1.39384	4.97804	0.0489656	0.0834815	0.149222	0.278958	0.629027	1.72218
L	11477010448650000	-17.9007	15.6046	1.68122	4.91408	-17.9407	15.624	1.52765	4.93534	0.0488941	0.0831345	0.14926	0.277739	0.114686	1.72218
R	11477010448700000	-17.8133	15.8491	1.81507	4.8675	-17.8624	15.8594	1.63084	4.8942	0.0488957	0.0827778	0.1496	0.27654	0.114686	3.48665
L	11477010448750000	-17.7192	16.0912	1.94777	4.81708	-17.7677	16.094	1.76429	4.83913	0.048892	0.0824206	0.149925	0.275353	0.341548	3.48665
R	11477010448800000	-17.6185	16.3307	2.0792	4.76286	-17.727	16.3433	1.76969	4.84583	0.0497045	0.0820759	0.152	0.274282	0.341548	7.62273
L	11477010448850000	-17.5113	16.5674	2.20923	4.70486	-17.5728	16.5903	1.97833	4.79203	0.0498157	0.0817545	0.15284	0.273235	3.99881	7.62273
R	11477010448900000	-17.3977	16.8011	2.33771	4.64314	-17.431	16.8048	2.18108	4.67662	0.0497001	0.081411	0.152872	0.272102	3.99881	5.20522
L	11477010448950000	-17.2776	17.0316	2.46452	4.57774	-17.3216	17.044	2.29726	4.62843	0.0496555	0.0810789	0.152998	0.271005	0.09803	5.20522
R	11477010449000000	-17.1512	17.2588	2.58952	4.50871	-17.1718	17.2598	2.50155	4.50545	0.0494854	0.0807433	0.152574	0.269883	0.09803	5.32309
L	11477010449050000	-17.0187	17.4824	2.71259	4.43613	-17.0367	17.5191	2.64058	4.47574	0.0493092	0.0804802	0.152087	0.268798	1.73518	5.32309
R	11477010449100000	-16.88	17.7023	2.83361	4.36005	-16.878	17.7246	2.80654	4.36087	0.0491087	0.0801775	0.151487	0.267704	1.73518	2.14652
L	11477010449150000	-16.7354	17.9184	2.95245	4.28054	-16.7486	17.9414	2.90524	4.28876	0.0489247	0.0798802	0.150935	0.266623	0.217397	2.14652
R	11477010449200000	-16.5848	18.1303	3.069	4.19769	-16.5902	18.1477	3.0364	4.19489	0.048731	0.0795752	0.150358	0.265554	0.217397	0.710287
L	11477010449250000	-16.4285	18.3381	3.18313	4.11157	-16.4218	18.3081	3.15892	4.04864	0.048541	0.0793037	0.149776	0.264558	4.22948	0.710287
R	11477010449300000	-16.2665	18.5415	3.29475	4.02228	-16.2746	18.511	3.23988	3.97926	0.0483548	0.0790374	0.149264	0.263542	4.22948	0.866189
L	11477010449350000	-16.0991	18.7403	3.40374	3.9299	-16.1023	18.7112	3.35906	3.8903	0.0481664	0.07877	0.148733	0.262534	0.0565021	0.866189
R	11477010449400000	-15.9262	18.9344	3.50999	3.83452	-15.9204	18.9007	3.48741	3.78092	0.047982	0.0785201	0.148168	0.261557	0.0565021	0.623462
L	11477010449450000	-15.7481	19.1237	3.61342	3.73626	-15.7324	19.1196	3.61294	3.71749	0.047817	0.0782184	0.147597	0.260554	1.42695	0.623462
R	11477010449500000	-15.5649	19.308	3.71392	3.63521	-15.544	19.2966	3.73209	3.5936	0.0476692	0.0779256	0.147042	0.259583	1.42695	0.666819
L	11477010449550000	-15.3767	19.4872	3.8114	3.53148	-15.3631	19.495	3.82443	3.51765	0.047503	0.0776329	0.146488	0.258601	0.924626	0.666819
R	11477010449600000	-15.1838	19.6612	3.90579	3.42518	-15.1561	19.6575	3.9539	3.37139	0.047385	0.0773411	0.145996	0.257669	0.924626	1.00272
L	11477010449650000	-14.9862	19.8297	3.99699	3.31643	-14.9437	19.8538	4.07074	3.2907	0.0473505	0.0770802	0.145589	0.256715	1.2954	1.00272
R	11477010449700000	-14.7841	19.9928	4.08495	3.20535	-14.7546	20.0124	4.14516	3.17078	0.0472431	0.0768128	0.145142	0.25578	1.2954	6.35404
L	11477010449750000	-14.5777	20.1503	4.16958	3.09206	-14.5911	20.1517	4.16993	3.05068	0.0470833	0.07653	0.144607	0.254863	2.02881	6.35404
R	11477010449800000	-14.3671	20.302	4.25082	2.97668	-14.3893	20.2974	4.23026	2.94562	0.0469493	0.0762512	0.144089	0.253945	2.02881	2.58945
L	11477010449850000	-14.1526	20.448	4.32862	2.85933	-14.1534	20.4543	4.34169	2.83412	0.0467789	0.0759763	0.14357	0.253032	0.550094	2.58945
R	11477010449900000	-13.9342	20.588	4.40292	2.74015	-13.9263	20.5828	4.43278	2.68856	0.0466151	0.0757037	0.143075	0.252158	0.550094	0.450705
L	11477010449950000	-13.7123	20.722	4.47367	2.61927	-13.7277	20.7212	4.47618	2.58235	0.0464667	0.0754329	0.142564	0.251275	0.853415	0.450705
R	11477010450000000	-13.4868	20.8499	4.54085	2.49681	-13.4981	20.8403	4.55638	2.43725	0.0463115	0.0751693	0.142063	0.250433	0.853415	0.212183
L	11477010450050000	-13.2582	20.9717	4.6044	2.37291	-13.2579	20.9626	4.63752	2.30834	0.0461481	0.074908	0.141589	0.249609	0.113168	0.212183
R	11477010450100000	-13.0264	21.0872	4.6643	2.2477	-13.0146	21.0749	4.70978	2.1783	0.0459971	0.0746527	0.141145	0.248802	0.113168	2.30387
L	11477010450150000	-12.7917	21.1965	4.72053	2.12131	-12.7613	21.2082	4.79503	2.0757	0.0459071	0.0743994	0.140791	0.247966	1.1209	2.30387
R	11477010450200000	-12.5543	21.2994	4.77306	1.99388	-12.5327	21.3228	4.8244	1.98796	0.0457838	0.0741679	0.140369	0.24711	1.1209	1.16306
L	11477010450250000	-12.3143	21.3959	4.8219	1.86555	-12.2641	21.4404	4.91304	1.87501	0.0458152	0.074005	0.140091	0.246263	1.01066	1.16306
R	11477010450300000	-12.072	21.486	4.86702	1.73644	-12.0041	21.5214	4.97918	1.71799	0.0460012	0.0738105	0.13992	0.245429	1.01066	1.81239
L	11477010450350000	-11.8276	21.5696	4.90844	1.60668	-11.7936	21.6234	4.98024	1.62255	0.0459308	0.0736936	0.139571	0.244602	2.75215	1.81239
R	11477010450400000	-11.5811	21.6467	4.94615	1.47643	-11.5436	21.7058	5.0194	1.50076	0.0458794	0.073605	0.139231	0.243788	2.75215	0.235518
L	11477010450450000	-11.3329	21.7173	4.98017	1.34579	-11.2705	21.7471	5.07707	1.31521	0.0460087	0.0733996	0.138992	0.242987	2.30143	0.235518
R	11477010450500000	-11.083	21.7813	5.01051	1.21491	-11.0288	21.8214	5.0905	1.21302	0.0460676	0.0732287	0.138684	0.242181	2.30143	1.30126
L	11477010450550000	-10.8317	21.8388	5.03719	1.08391	-10.7885	21.84	5.09451	1.02713	0.0460494	0.0729875	0.138305	0.241427	2.08046	1.30126
R	11477010450600000	-10.5792	21.8898	5.06025	0.952912	-10.5261	21.8865	5.1341	0.872036	0.046099	0.0727491	0.137981	0.240725	2.08046	1.03183
L	11477010450650000	-10.3256	21.9341	5.07971	0.822051	-10.2567	21.9229	5.16951	0.721388	0.0462829	0.0725181	0.137723	0.240079	0.206222	1.03183
R	11477010450700000	-10.0711	21.972	5.09561	0.691445	-9.99142	21.9387	5.1912	0.551362	0.0465752	0.0723332	0.137492	0.239568	0.206222	1.87899
L	11477010450750000	-9.81592	22.0033	5.10799	0.561215	-9.73883	21.9633	5.19619	0.410316	0.0468342	0.072172	0.137233	0.239104	0.0580739	1.87899
R	11477010450800000	-9.56019	22.0282	5.11691	0.431476	-9.47562	21.9714	5.21019	0.243451	0.0471701	0.0720846	0.136998	0.238814	0.0580739	0.207942
L	11477010450850000	-9.3041	22.0465	5.1224	0.302344	-9.24836	22.005	5.18357	0.143384	0.0472293	0.0719319	0.13665	0.238392	2.71666	0.207942
R	11477010450900000	-9.04782	22.0584	5.12453	0.17393	-8.98669	21.9984	5.1885	-0.0240664	0.0473294	0.0718629	0.136314	0.23816	2.71666	0.27766
L	11477010450950000	-8.79151	22.0639	5.12336	0.046341	-8.71102	22.0137	5.21116	-0.145143	0.0476085	0.071748	0.136065	0.237896	0.652788	0.27766
R	11477010451000000	-8.53534	22.0631	5.11895	-0.0803171	-8.44901	21.9973	5.21642	-0.333084	0.0479456	0.0717126	0.135859	0.237992	0.652788	4.53431
L	11477010451050000	-8.27947	22.0559	5.11137	-0.205944	-8.1692	22.0034	5.2363	-0.448283	0.0485763	0.0716097	0.135794	0.238019	1.0849	4.53431
R	11477010451100000	-8.02405	22.0425	5.10068	-0.330441	-7.90196	21.9939	5.23396	-0.572187	0.0493622	0.0714911	0.135779	0.238042	1.0849	3.05024
L	11477010451150000	-7.76924	22.0229	5.08697	-0.453715	-7.65992	21.9855	5.2017	-0.678999	0.0499464	0.0713326	0.13566	0.237966	1.60027	3.05024
R	11477010451200000	-7.51519	21.9971	5.07031	-0.575677	-7.40065	21.9362	5.18385	-0.868898	0.0505869	0.0712742	0.135537	0.23834	1.60027	2.08195
L	11477010451250000	-7.26204	21.9653	5.05078	-0.696241	-7.16504	21.9031	5.13551	-0.989848	0.0509932	0.0712231	0.135288	0.238711	1.07433	2.08195
R	11477010451300000	-7.00994	21.9275	5.02847	-0.815324	-6.90413	21.8532	5.11238	-1.12913	0.0514954	0.0712416	0.135039	0.239231	1.07433	0.527774
L	11477010451350000	-6.75902	21.8838	5.00346	-0.932849	-6.71015	21.7902	5.00576	-1.264	0.0514801	0.0713954	0.134636	0.239882	3.50127	0.527774
R	11477010451400000	-6.50942	21.8342	4.97584	-1.04874	-6.47884	21.7508	4.94879	-1.32586	0.0513814	0.0714725	0.134253	0.240119	3.50127	5.56145
L	11477010451450000	-6.26126	21.7789	4.94569	-1.16294	-6.29087	21.688	4.84372	-1.44054	0.0512804	0.0716021	0.134086	0.240357	3.71011	5.56145
R	11477010451500000	-6.01466	21.7179	4.91312	-1.27537	-6.04655	21.624	4.80111	-1.51375	0.0511883	0.0717527	0.133968	0.240345	3.71011	6.60525
L	11477010451550000	-5.76976	21.6513	4.87822	-1.38597	-5.81449	21.5677	4.75947	-1.60822	0.0511532	0.0718269	0.133884	0.240244	1.00371	6.60525
R	11477010451600000	-5.52665	21.5793	4.84107	-1.49469	-5.58248	21.4917	4.71499	-1.7346	0.0511814	0.0719278	0.13384	0.240242	1.00371	2.5546
L	11477010451650000	-5.28546	21.5018	4.80178	-1.60148	-5.32155	21.434	4.71196	-1.81757	0.0511074	0.0719047	0.133629	0.24011	1.68526	2.5546
R	11477010451700000	-5.04628	21.4191	4.76045	-1.70628	-5.06639	21.3562	4.69266	-1.90434	0.0509839	0.0718562	0.133345	0.239891	1.68526	7.65642
L	11477010451750000	-4.80922	21.3312	4.71717	-1.80906	-4.83662	21.2972	4.65328	-1.96823	0.0508808	0.0716975	0.133053	0.239509	2.6977	7.65642
R	11477010451800000	-4.57436	21.2382	4.67204	-1.90978	-4.61329	21.2132	4.59317	-2.01345	0.0508211	0.0715193	0.132809	0.238959	2.6977	6.11633
L	11477010451850000	-4.34181	21.1401	4.62517	-2.0084	-4.3338	21.2017	4.63945	-1.99893	0.0506817	0.0714674	0.13244	0.238288	13.0141	6.11633
R	11477010451900000	-4.11165	21.0373	4.57664	-2.10489	-4.08965	21.1264	4.61611	-2.04177	0.0505667	0.0715781	0.132102	0.237668	13.0141	3.68533
L	11477010451950000	-3.88395	20.9296	4.52656	-2.19922	-3.91833	20.998	4.48863	-2.17387	0.0504911	0.0715607	0.131765	0.237014	2.90511	3.68533
R	11477010452000000	-3.65879	20.8173	4.47504	-2.29137	-3.69539	20.8655	4.43247	-2.33439	0.0504249	0.0714526	0.131439	0.23638	2.90511	1.6816
L	11477010452050000	-3.43624	20.7004	4.42216	-2.38133	-3.45645	20.717	4.38886	-2.47868	0.0503085	0.0712667	0.1311	0.23584	2.20147	1.6816
R	11477010452100000	-3.21637	20.5791	4.36803	-2.46907	-3.24685	20.6024	4.3225	-2.54866	0.0502214	0.0710926	0.130785	0.235269	2.20147	1.65268
L	11477010452150000	-2.99923	20.4534	4.31275	-2.5546	-2.99347	20.4843	4.31642	-2.63478	0.0500865	0.0709356	0.130429	0.234703	1.18192	1.65268
R	11477010452200000	-2.78489	20.3235	4.2564	-2.63789	-2.75507	20.3693	4.29278	-2.67478	0.0499991	0.0708237	0.130104	0.234084	1.18192	7.97577
L	11477010452250000	-2.57339	20.1895	4.1991	-2.71895	-2.56102	20.223	4.20398	-2.78204	0.0498727	0.0706757	0.129754	0.233499	0.348627	7.97577
R	11477010452300000	-2.36478	20.0515	4.14093	-2.79777	-2.34745	20.0831	4.14811	-2.88031	0.0497553	0.0705243	0.129408	0.232952	0.348627	0.68008
L	11477010452350000	-2.1591	19.9097	4.082	-2.87437	-2.14719	19.897	4.05868	-3.02546	0.0496305	0.0703426	0.129074	0.232593	2.73087	0.68008
R	11477010452400000	-1.95638	19.764	4.02238	-2.94874	-1.94911	19.7275	3.97743	-3.14398	0.0495018	0.0702065	0.128774	0.232411	2.73087	1.11683
L	11477010452450000	-1.75666	19.6147	3.96217	-3.02089	-1.73107	19.5661	3.93098	-3.23868	0.0494063	0.0701101	0.128454	0.232337	0.383635	1.11683
R	11477010452500000	-1.55997	19.4618	3.90147	-3.09085	-1.52586	19.387	3.86233	-3.36356	0.0493385	0.0701356	0.128149	0.232566	0.383635	2.59195
L	11477010452550000	-1.36632	19.3055	3.84036	-3.15861	-1.33717	19.2352	3.78842	-3.4278	0.0492548	0.0701364	0.12787	0.232772	0.666828	2.59195
R	11477010452600000	-1.17574	19.1458	3.77892	-3.22421	-1.14821	19.054	3.70701	-3.52407	0.049167	0.0702661	0.127643	0.233169	0.666828	0.55293
L	11477010452650000	-0.988236	18.9829	3.71725	-3.28766	-0.991114	18.8764	3.58897	-3.60658	0.0490406	0.0705009	0.127646	0.233692	0.521945	0.55293
R	11477010452700000	-0.803824	18.8169	3.65542	-3.34899	-0.799707	18.7151	3.53546	-3.62956	0.0489156	0.0706969	0.127608	0.233956	0.521945	2.8949
L	11477010452750000	-0.622508	18.6479	3.59351	-3.40821	-0.626698	18.5703	3.46722	-3.65908	0.0487915	0.0707341	0.127601	0.234046	2.84529	2.8949
R	11477010452800000	-0.444288	18.476	3.53161	-3.46536	-0.455452	18.386	3.38611	-3.7262	0.048674	0.0708451	0.127699	0.23419	2.84529	0.304638
L	11477010452850000	-0.269164	18.3013	3.46979	-3.52047	-0.328953	18.2008	3.24719	-3.79466	0.0487365	0.0710259	0.128354	0.234409	1.25553	0.304638
R	11477010452900000	-0.0971295	18.1238	3.40813	-3.57357	-0.173242	18.0132	3.15609	-3.86649	0.0489124	0.0712798	0.129272	0.234739	1.25553	0.635228
L	11477010452950000	0.0718255	17.9438	3.34669	-3.6247	0.00911553	17.839	3.11513	-3.9121	0.0489911	0.0714869	0.129984	0.235032	1.0549	0.635228
R	11477010453000000	0.237714	17.7612	3.28556	-3.67388	0.182986	17.6641	3.07162	-3.90876	0.0490213	0.0716373	0.130535	0.235031	1.0549	5.32692
L	11477010453050000	0.400552	17.5762	3.22479	-3.72115	0.370593	17.4855	3.04765	-3.95058	0.0489452	0.0717439	0.130807	0.235004	1.24829	5.32692
R	11477010453100000	0.560361	17.389	3.16445	-3.76656	0.562031	17.3364	3.04952	-3.91051	0.0488246	0.0716623	0.130733	0.234642	1.24829	12.8344
L	11477010453150000	0.717162	17.1994	3.10461	-3.81013	0.676805	17.1329	2.91959	-3.97659	0.0487867	0.0716377	0.131054	0.234356	0.843816	12.8344
R	11477010453200000	0.870984	17.0078	3.04533	-3.85192	0.823268	16.944	2.85059	-4.00744	0.0487816	0.0716014	0.13144	0.234036	0.843816	0.408957
L	11477010453250000	1.02185	16.8141	2.98666	-3.89195	0.937268	16.7585	2.73956	-4.04193	0.0490185	0.0715324	0.132246	0.233701	1.13353	0.408957
R	11477010453300000	1.16981	16.6185	2.92867	-3.93028	1.07783	16.5593	2.66761	-4.1022	0.0493162	0.0714779	0.133168	0.233442	1.13353	1.69182
L	11477010453350000	1.31487	16.4209	2.87142	-3.96695	1.18424	16.3433	2.54657	-4.1643	0.0500243	0.0715085	0.134744	0.233282	0.519745	1.69182
R	11477010453400000	1.4571	16.2216	2.81494	-4.00199	1.31366	16.1419	2.47342	-4.19842	0.0508813	0.0715499	0.136481	0.233119	0.519745	0.224771
L	11477010453450000	1.59651	16.0206	2.7593	-4.03546	1.52045	15.9329	2.51788	-4.24653	0.0510306	0.0716352	0.137171	0.233019	4.63629	0.224771
R	11477010453500000	1.73317	15.8179	2.70454	-4.06739	1.62907	15.7319	2.42323	-4.25981	0.0514115	0.0717103	0.138209	0.232843	4.63629	3.61905
L	11477010453550000	1.86711	15.6137	2.65071	-4.09783	1.67569	15.524	2.23686	-4.29369	0.0529483	0.0718058	0.140782	0.232683	3.51212	3.61905
R	11477010453600000	1.99838	15.408	2.59786	-4.12682	1.81335	15.3388	2.20952	-4.28264	0.054324	0.0717937	0.142949	0.232381	3.51212	5.67962
L	11477010453650000	2.12703	15.2009	2.54602	-4.15442	1.94316	15.1275	2.16258	-4.31983	0.0556353	0.0718015	0.145004	0.232113	0.304571	5.67962
R	11477010453700000	2.25311	14.9924	2.49524	-4.18065	2.05676	14.9128	2.09224	-4.36718	0.0570982	0.0718397	0.147254	0.231922	0.304571	1.32794
L	11477010453750000	2.37668	14.7827	2.44555	-4.20557	2.21397	14.683	2.0918	-4.4194	0.0580317	0.0719932	0.148871	0.231841	2.15648	1.32794
R	11477010453800000	2.49779	14.5718	2.397	-4.22922	2.31149	14.4562	2.0049	-4.45619	0.059263	0.0722542	0.150894	0.231819	2.15648	0.801095
L	11477010453850000	2.6165	14.3597	2.34961	-4.25165	2.48319	14.2654	2.04871	-4.45503	0.0598124	0.0723705	0.15192	0.231697	5.51852	0.801095
R	11477010453900000	2.73287	14.1465	2.30343	-4.27288	2.59938	14.0417	1.99497	-4.49906	0.0603535	0.0725516	0.153	0.231672	5.51852	2.24161
L	11477010453950000	2.84695	13.9322	2.25847	-4.29298	2.72378	13.8176	1.96161	-4.53037	0.0607861	0.0727979	0.153958	0.231698	0.447336	2.24161
R	11477010454000000	2.95882	13.717	2.21478	-4.31197	2.81751	13.5833	1.88418	-4.56219	0.0613888	0.0731875	0.155211	0.231785	0.447336	1.35517
L	11477010454050000	3.06854	13.5009	2.17238	-4.32991	2.88555	13.3651	1.77405	-4.57924	0.0624695	0.0735889	0.157151	0.231867	0.577676	1.35517
R	11477010454100000	3.17617	13.2839	2.13129	-4.34682	2.97449	13.1652	1.72113	-4.54023	0.0637757	0.0738525	0.159186	0.231709	0.577676	4.2123
L	11477010454150000	3.28177	13.0661	2.09154	-4.36275	3.11679	12.9601	1.74464	-4.54385	0.0645809	0.0740273	0.160513	0.231508	3.36467	4.2123
R	11477010454200000	3.38542	12.8475	2.05316	-4.37774	3.23197	12.7392	1.73943	-4.52148	0.0652442	0.0742148	0.161516	0.231191	3.36467	6.74585
L	11477010454250000	3.48718	12.6282	2.01617	-4.39182	3.30889	12.5747	1.67468	-4.47441	0.0661712	0.074136	0.162751	0.230745	7.8259	6.74585
R	11477010454300000	3.58713	12.4083	1.98058	-4.40503	3.42003	12.366	1.66651	-4.46331	0.0669503	0.0740257	0.163725	0.230268	7.8259	2.6167
L	11477010454350000	3.68533	12.1876	1.94641	-4.41741	3.54464	12.1454	1.67374	-4.4826	0.0674499	0.0739161	0.16436	0.229803	1.27156	2.6167
R	11477010454400000	3.78186	11.9664	1.9137	-4.42898	3.62937	11.9346	1.63265	-4.46465	0.0680527	0.0737845	0.165049	0.229313	1.27156	1.74768
L	11477010454450000	3.87678	11.7446	1.88244	-4.43979	3.76335	11.7142	1.66138	-4.48146	0.0683153	0.0736512	0.165334	0.228831	2.07238	1.74768
R	11477010454500000	3.97018	11.5223	1.85266	-4.44986	3.84591	11.5034	1.61148	-4.48665	0.0686558	0.0735022	0.165737	0.228348	2.07238	1.76454
L	11477010454550000	4.06213	11.2996	1.82437	-4.45922	3.95487	11.2479	1.60079	-4.54096	0.0688687	0.0734222	0.166029	0.227918	2.1902	1.76454
R	11477010454600000	4.1527	11.0763	1.79758	-4.4679	4.07378	11.0461	1.6273	-4.50765	0.0689149	0.0732912	0.166048	0.227444	2.1902	5.52238
L	11477010454650000	4.24196	10.8527	1.77231	-4.47593	4.14915	10.859	1.57782	-4.48001	0.0690346	0.0731356	0.16618	0.226957	2.90974	5.52238
R	11477010454700000	4.33	10.6287	1.74858	-4.48333	4.22651	10.6452	1.53535	-4.4782	0.0692176	0.0729878	0.166408	0.226474	2.90974	0.56909
L	11477010454750000	4.41689	10.4043	1.72638	-4.49013	4.32667	10.4295	1.52865	-4.48471	0.06932	0.0728515	0.166553	0.225994	0.706773	0.56909
R	11477010454800000	4.50271	10.1796	1.70573	-4.49636	4.42624	10.2096	1.52844	-4.48478	0.0693517	0.0727237	0.1666	0.225518	0.706773	1.34517
L	11477010454850000	4.58753	9.95461	1.68663	-4.50203	4.49769	9.98644	1.4803	-4.4973	0.0694505	0.0726001	0.166787	0.225044	0.0130961	1.34517
R	11477010454900000	4.67143	9.72935	1.66911	-4.50715	4.58664	9.77288	1.4617	-4.50222	0.0695217	0.0725028	0.166977	0.224573	0.0130961	3.21078
L	11477010454950000	4.7545	9.50385	1.65315	-4.51176	4.65563	9.57271	1.4182	-4.48646	0.0696697	0.072488	0.167318	0.22411	1.17703	3.21078
R	11477010455000000	4.83681	9.27814	1.63878	-4.51587	4.72578	9.39553	1.39445	-4.42642	0.0698919	0.0727316	0.167711	0.223719	1.17703	11.7497
L	11477010455050000	4.91844	9.05223	1.62599	-4.51949	4.76502	9.14911	1.30789	-4.46503	0.0704411	0.0728478	0.168608	0.223284	2.41342	11.7497
R	11477010455100000	4.99946	8.82616	1.61479	-4.52264	4.84775	8.91129	1.29627	-4.49081	0.0709665	0.0729026	0.169497	0.222833	2.41342	2.31475
L	11477010455150000	5.07997	8.59994	1.60519	-4.52532	4.94351	8.66615	1.30326	-4.52817	0.0713577	0.0728764	0.17025	0.222376	1.28902	2.31475
R	11477010455200000	5.16003	8.37361	1.59718	-4.52755	5.05406	8.44369	1.35977	-4.50708	0.071533	0.0728652	0.170578	0.221926	1.28902	4.47813
L	11477010455250000	5.23973	8.14717	1.59078	-4.52933	5.13806	8.18882	1.34992	-4.55199	0.0716812	0.0727654	0.170922	0.221479	1.51466	4.47813
R	11477010455300000	5.31916	7.92067	1.58598	-4.53068	5.24634	7.95597	1.4018	-4.54545	0.0716858	0.0726527	0.170978	0.221032	1.51466	3.98922
L	11477010455350000	5.39838	7.6941	1.58279	-4.5316	5.31888	7.71825	1.37727	-4.5664	0.0717191	0.0725223	0.171131	0.220597	0.178758	3.98922
R	11477010455400000	5.47748	7.46751	1.5812	-4.53209	5.43051	7.48734	1.43583	-4.55844	0.0716367	0.0723874	0.171036	0.22016	0.178758	3.3807
L	11477010455450000	5.55654	7.24091	1.58122	-4.53215	5.47337	7.24992	1.36685	-4.57589	0.0716866	0.0722448	0.171231	0.219737	1.21589	3.3807
R	11477010455500000	5.63564	7.01431	1.58285	-4.53178	5.58672	7.03373	1.45582	-4.5266	0.0716102	0.0721111	0.171078	0.219299	1.21589	6.90593
L	11477010455550000	5.71486	6.78775	1.58608	-4.53098	5.69454	6.80002	1.49166	-4.54205	0.0714795	0.071972	0.170841	0.218865	1.35275	6.90593
R	11477010455600000	5.79428	6.56124	1.59093	-4.52975	5.75056	6.58254	1.44462	-4.53797	0.071391	0.0718422	0.170751	0.218432	1.35275	1.08691
L	11477010455650000	5.87398	6.33481	1.59737	-4.52808	5.80224	6.35497	1.39616	-4.54332	0.0713924	0.0717118	0.170882	0.218004	0.505695	1.08691
R	11477010455700000	5.95405	6.10848	1.60542	-4.52597	5.87339	6.10503	1.38479	-4.57126	0.0714311	0.0715713	0.171105	0.217594	0.505695	4.19036
L	11477010455750000	6.03455	5.88226	1.61507	-4.52341	5.9426	5.88569	1.3674	-4.56573	0.0715227	0.0714317	0.171471	0.217185	0.141614	4.19036
R	11477010455800000	6.11558	5.65619	1.62631	-4.52038	5.99258	5.65337	1.30528	-4.58679	0.0717945	0.0712928	0.172305	0.216802	0.141614	0.747255
L	11477010455850000	6.19721	5.43028	1.63914	-4.51687	6.05329	5.43928	1.27937	-4.57375	0.0722133	0.0711567	0.173423	0.21641	0.351853	0.747255
R	11477010455900000	6.27951	5.20457	1.65356	-4.51288	6.12975	5.20868	1.28557	-4.57751	0.072672	0.0710197	0.174592	0.216029	0.351853	0.303632
L	11477010455950000	6.36258	4.97906	1.66956	-4.50838	6.21315	4.97031	1.29422	-4.5965	0.0731217	0.0708851	0.175803	0.215683	0.587547	0.303632
R	11477010456000000	6.44648	4.7538	1.68714	-4.50337	6.28062	4.77195	1.28366	-4.56244	0.0737001	0.0707581	0.177235	0.2153	0.587547	4.9998
L	11477010456050000	6.53131	4.52881	1.70628	-4.49781	6.39529	4.49876	1.33747	-4.62786	0.0740377	0.0706473	0.178358	0.215039	5.82644	4.9998
R	11477010456100000	6.61712	4.30411	1.72698	-4.4917	6.49286	4.26087	1.40179	-4.62362	0.074293	0.0705633	0.179144	0.214784	5.82644	3.022
L	11477010456150000	6.70401	4.07974	1.74923	-4.485	6.59859	3.99891	1.44159	-4.66779	0.0744355	0.0706049	0.179804	0.214672	2.98367	3.022
R	11477010456200000	6.79205	3.85571	1.77302	-4.4777	6.71659	3.76083	1.54193	-4.65828	0.0744393	0.0707122	0.180025	0.214553	2.98367	3.9791
L	11477010456250000	6.88132	3.63207	1.79834	-4.46978	6.76406	3.55086	1.49584	-4.62954	0.0746463	0.0707546	0.180641	0.214374	1.99466	3.9791
R	11477010456300000	6.97188	3.40885	1.82518	-4.4612	6.85205	3.3242	1.53432	-4.61556	0.0748664	0.0708117	0.181179	0.21418	1.99466	1.34189
L	11477010456350000	7.06383	3.18607	1.85352	-4.45194	6.96468	3.14807	1.58716	-4.54668	0.0749717	0.0707176	0.181571	0.213859	6.65518	1.34189
R	11477010456400000	7.15723	2.96378	1.88336	-4.44197	7.07912	2.95585	1.68545	-4.48358	0.0749836	0.0705877	0.181634	0.213476	6.65518	8.63885
L	11477010456450000	7.25216	2.742	1.91468	-4.43125	7.174	2.74242	1.70774	-4.46691	0.0749956	0.0704568	0.181735	0.213091	0.348878	8.63885
R	11477010456500000	7.34868	2.52078	1.94746	-4.41977	7.27843	2.52836	1.73911	-4.45261	0.0749786	0.0703282	0.18184	0.212707	0.348878	3.70979
L	11477010456550000	7.44688	2.30016	1.98168	-4.40749	7.36074	2.31469	1.74158	-4.43769	0.0750227	0.0702044	0.182088	0.212323	0.151785	3.70979
R	11477010456600000	7.54683	2.08018	2.01733	-4.39436	7.43482	2.06937	1.71751	-4.46899	0.0751914	0.0700787	0.182658	0.211982	0.151785	2.44298
L	11477010456650000	7.64859	1.86087	2.0544	-4.38037	7.52978	1.83294	1.73487	-4.48393	0.0753965	0.0699711	0.183344	0.211688	0.403893	2.44298
R	11477010456700000	7.75224	1.6423	2.09284	-4.36546	7.65609	1.61296	1.83149	-4.46731	0.0754823	0.0698661	0.183687	0.211392	0.403893	3.75153
L	11477010456750000	7.85785	1.42449	2.13266	-4.34961	7.7775	1.32862	1.87669	-4.54396	0.0755005	0.0699778	0.184	0.211332	7.18323	3.75153
R	11477010456800000	7.96547	1.2075	2.17382	-4.33277	7.89919	1.12574	1.95361	-4.50083	0.0754692	0.0700239	0.184144	0.211192	7.18323	3.92603
L	11477010456850000	8.07519	0.991377	2.21629	-4.31491	7.96045	0.890461	1.91617	-4.51095	0.075647	0.0701594	0.184692	0.21114	2.46678	3.92603
R	11477010456900000	8.18706	0.776179	2.26005	-4.29598	8.07533	0.665348	1.98654	-4.50018	0.0758071	0.0703472	0.185086	0.211115	2.46678	1.78514
L	11477010456950000	8.30115	0.561955	2.30508	-4.27595	8.2012	0.464029	2.04227	-4.45857	0.075907	0.0704649	0.185422	0.21102	1.60781	1.78514
R	11477010457000000	8.41752	0.348763	2.35134	-4.25478	8.33584	0.257734	2.11632	-4.42365	0.0759283	0.0705487	0.185622	0.210885	1.60781	5.14214
L	11477010457050000	8.53623	0.136661	2.39881	-4.23241	8.45209	0.0820022	2.15666	-4.3503	0.075959	0.0704987	0.185852	0.210628	2.43066	5.14214
R	11477010457100000	8.65734	-0.0742907	2.44744	-4.20881	8.62466	-0.134205	2.33639	-4.32547	0.0758496	0.0704641	0.185641	0.21037	2.43066	11.3538
L	11477010457150000	8.78091	-0.28403	2.4972	-4.18394	8.77924	-0.308399	2.42092	-4.24458	0.075716	0.0703548	0.185369	0.21003	3.46414	11.3538
R	11477010457200000	8.90699	-0.492491	2.54807	-4.15775	8.93056	-0.479216	2.5334	-4.16266	0.0755959	0.0702356	0.185046	0.209661	3.46414	10.452
L	11477010457250000	9.03564	-0.699608	2.59998	-4.1302	9.07622	-0.669199	2.59577	-4.11165	0.0755018	0.0701358	0.184722	0.209297	0.704162	10.452
R	11477010457300000	9.16691	-0.905311	2.65292	-4.10124	9.21861	-0.890528	2.66286	-4.10875	0.0754319	0.0700189	0.184401	0.208933	0.704162	1.36058
L	11477010457350000	9.30084	-1.10953	2.70683	-4.07084	9.31602	-1.13855	2.64631	-4.15299	0.0753061	0.0699182	0.184115	0.208626	3.19278	1.36058
R	11477010457400000	9.4375	-1.31219	2.76168	-4.03893	9.46808	-1.37191	2.74906	-4.16592	0.0751972	0.0698855	0.183798	0.208399	3.19278	5.43092
L	11477010457450000	9.57692	-1.51322	2.8174	-4.00549	9.64259	-1.57244	2.83734	-4.12137	0.0751665	0.0698515	0.183485	0.20815	2.2032	5.43092
R	11477010457500000	9.71914	-1.71253	2.87396	-3.97047	9.77978	-1.7525	2.85532	-4.05746	0.0751214	0.0697707	0.183172	0.207855	2.2032	2.57043
L	11477010457550000	9.86421	-1.91005	2.93131	-3.93381	9.89706	-1.9365	2.86199	-4.01067	0.0750172	0.0696683	0.182903	0.207547	2.15251	2.57043
R	11477010457600000	10.0122	-2.1057	2.98938	-3.89549	10.0604	-2.14148	2.965	-3.99078	0.074942	0.0695808	0.182596	0.207268	2.15251	3.42685
L	11477010457650000	10.163	-2.29939	3.04813	-3.85546	10.21	-2.33472	3.00701	-3.95243	0.0748646	0.0694929	0.182301	0.206992	0.0304367	3.42685
R	11477010457700000	10.3169	-2.49103	3.1075	-3.81368	10.3314	-2.50753	2.98315	-3.89039	0.0747423	0.0693816	0.182136	0.206689	0.0304367	5.71159
L	11477010457750000	10.4737	-2.68054	3.16742	-3.7701	10.4889	-2.72961	3.02573	-3.89955	0.0746212	0.069323	0.182015	0.206477	1.21704	5.71159
R	11477010457800000	10.6335	-2.86783	3.22785	-3.72468	10.6283	-2.91334	3.02327	-3.85388	0.0744961	0.0692566	0.182095	0.206265	1.21704	1.47768
L	11477010457850000	10.7963	-3.05279	3.2887	-3.67739	10.7595	-3.09576	3.0335	-3.81739	0.0744015	0.0691851	0.18239	0.206079	1.11338	1.47768
R	11477010457900000	10.9622	-3.23535	3.34992	-3.62819	10.9434	-3.28281	3.15651	-3.78637	0.0742849	0.0691238	0.182428	0.205937	1.11338	5.14193
L	11477010457950000	11.1311	-3.4154	3.41144	-3.57705	11.1105	-3.45723	3.20813	-3.73187	0.0741705	0.0690507	0.182501	0.205788	0.185576	5.14193
R	11477010458000000	11.3032	-3.59284	3.47319	-3.52392	11.2845	-3.63569	3.28941	-3.69021	0.074055	0.0689802	0.182505	0.205669	0.185576	2.24769
L	11477010458050000	11.4783	-3.76758	3.53509	-3.46877	11.4691	-3.82823	3.35253	-3.66162	0.0739342	0.0689542	0.182506	0.205628	0.968686	2.24769
R	11477010458100000	11.6565	-3.9395	3.59707	-3.41158	11.6487	-4.0186	3.41345	-3.6356	0.0738134	0.0689902	0.182509	0.205691	0.968686	0.874257
L	11477010458150000	11.8378	-4.10852	3.65905	-3.35231	11.8303	-4.20418	3.46538	-3.60171	0.0736931	0.0690948	0.182547	0.20585	0.268317	0.874257
R	11477010458200000	12.0223	-4.27453	3.72095	-3.29094	12.0295	-4.38861	3.55201	-3.56677	0.0735734	0.06929	0.182504	0.206119	0.268317	2.66328
L	11477010458250000	12.2098	-4.43741	3.7827	-3.22744	12.2273	-4.53798	3.62246	-3.47856	0.0734599	0.0694152	0.182436	0.206282	0.711652	2.66328
R	11477010458300000	12.4003	-4.59707	3.84421	-3.16178	12.4274	-4.70506	3.72097	-3.42986	0.0733564	0.0695756	0.182274	0.206513	0.711652	3.55457
L	11477010458350000	12.594	-4.75339	3.90539	-3.09395	12.6312	-4.82151	3.79307	-3.29758	0.0732679	0.0695709	0.182091	0.206504	2.0794	3.55457
R	11477010458400000	12.7907	-4.90626	3.96616	-3.02393	12.8288	-4.97944	3.84087	-3.2351	0.0731814	0.0695829	0.181935	0.206519	2.0794	0.659283
L	11477010458450000	12.9904	-5.05558	4.02643	-2.95171	13.0367	-5.13755	3.90249	-3.17503	0.0731105	0.0696264	0.181778	0.206575	0.35365	0.659283
R	11477010458500000	13.1931	-5.20124	4.0861	-2.87726	13.2091	-5.29233	3.91325	-3.12773	0.0729985	0.069706	0.18175	0.206731	0.35365	4.16313
L	11477010458550000	13.3988	-5.34312	4.1451	-2.80059	13.3824	-5.46642	3.92142	-3.11318	0.0728873	0.0699434	0.1819	0.207157	0.693898	4.16313
R	11477010458600000	13.6074	-5.48111	4.20332	-2.72168	13.6157	-5.6119	4.05674	-3.05191	0.0727723	0.0702218	0.181798	0.207667	0.693898	8.2535
L	11477010458650000	13.8189	-5.6151	4.26067	-2.64053	13.8044	-5.7503	4.08011	-2.98372	0.0726609	0.0705238	0.181794	0.208238	0.830192	8.2535
R	11477010458700000	14.0332	-5.74499	4.31706	-2.55715	14.0366	-5.89929	4.18061	-2.92866	0.0725458	0.0709465	0.181668	0.208959	0.830192	2.94535
L	11477010458750000	14.2504	-5.87065	4.37238	-2.47154	14.2738	-6.01878	4.25859	-2.82048	0.0724428	0.0713226	0.181493	0.209549	0.95507	2.94535
R	11477010458800000	14.4703	-5.99197	4.42655	-2.38369	14.4958	-6.16316	4.32062	-2.76782	0.0723427	0.0718562	0.181304	0.210328	0.95507	0.431377
L	11477010458850000	14.6928	-6.10885	4.47946	-2.29364	14.7347	-6.24399	4.39371	-2.60955	0.0722671	0.0721423	0.181083	0.210743	1.87937	0.431377
R	11477010458900000	14.918	-6.22118	4.53101	-2.20138	14.9541	-6.37081	4.44832	-2.54624	0.072182	0.0725147	0.180858	0.211296	1.87937	2.06089
L	11477010458950000	15.1457	-6.32884	4.58111	-2.10694	15.1402	-6.44786	4.44528	-2.41843	0.0720698	0.0727063	0.180735	0.211683	7.11628	2.06089
R	11477010459000000	15.3758	-6.43173	4.62966	-2.01035	15.3764	-6.5651	4.49999	-2.34066	0.0719575	0.0729737	0.180598	0.212156	7.11628	1.14444
L	11477010459050000	15.6084	-6.52973	4.67655	-1.91162	15.6135	-6.65382	4.55195	-2.22345	0.0718462	0.0731877	0.180451	0.212538	0.403631	1.14444
R	11477010459100000	15.8432	-6.62276	4.72169	-1.81079	15.8523	-6.76971	4.62994	-2.16818	0.0717367	0.0735304	0.180244	0.213138	0.403631	2.84631
L	11477010459150000	16.0803	-6.71069	4.76497	-1.7079	16.1015	-6.8929	4.68391	-2.11208	0.0716356	0.0741114	0.180022	0.21399	1.16861	2.84631
R	11477010459200000	16.3195	-6.79342	4.8063	-1.60298	16.3079	-6.98205	4.66218	-2.01578	0.0715283	0.0747334	0.179923	0.214884	1.16861	4.4847
L	11477010459250000	16.5607	-6.87087	4.84558	-1.49608	16.5524	-7.07935	4.70707	-1.93366	0.0714199	0.0755068	0.17981	0.215919	0.202943	4.4847
R	11477010459300000	16.8038	-6.94292	4.88271	-1.38725	16.777	-7.17744	4.72397	-1.86716	0.0713261	0.0764987	0.179749	0.217216	0.202943	1.07004
L	11477010459350000	17.0487	-7.00949	4.9176	-1.27653	17.0242	-7.23256	4.76747	-1.72918	0.0712301	0.0773687	0.179667	0.21832	0.712075	1.07004
R	11477010459400000	17.2953	-7.07048	4.95015	-1.16398	17.2498	-7.30024	4.76818	-1.62291	0.0711659	0.0782826	0.179674	0.219451	0.712075	2.05653
L	11477010459450000	17.5434	-7.1258	4.98026	-1.04968	17.5248	-7.28147	4.83612	-1.37264	0.0710653	0.0786323	0.179577	0.219839	5.05527	2.05653
R	11477010459500000	17.793	-7.17537	5.00785	-0.933668	17.792	-7.33475	4.91728	-1.2658	0.0709579	0.0790006	0.179374	0.220264	5.05527	7.82389
L	11477010459550000	18.044	-7.21909	5.03282	-0.816029	18.0554	-7.33013	4.95563	-1.06148	0.0708538	0.0791166	0.179154	0.220344	2.26774	7.82389
R	11477010459600000	18.2961	-7.2569	5.05509	-0.696834	18.2923	-7.34672	4.94495	-0.907641	0.0707476	0.0791509	0.178987	0.220316	2.26774	6.25705
L	11477010459650000	18.5492	-7.28872	5.07456	-0.57616	18.545	-7.35997	4.96486	-0.758982	0.070642	0.0791284	0.178819	0.220213	0.481274	6.25705
R	11477010459700000	18.8033	-7.31446	5.09116	-0.454089	18.821	-7.39853	5.02113	-0.656649	0.0705431	0.0791437	0.178593	0.220163	0.481274	4.9299
L	11477010459750000	19.0581	-7.33408	5.10481	-0.330708	19.0573	-7.40114	5.01353	-0.515173	0.0704381	0.0791104	0.178397	0.220065	1.45323	4.9299
R	11477010459800000	19.3135	-7.3475	5.11543	-0.206107	19.2954	-7.43613	5.00497	-0.432901	0.0703404	0.0791404	0.178233	0.220086	1.45323	2.70251
L	11477010459850000	19.5694	-7.35466	5.12294	-0.0803797	19.6198	-7.37843	5.08357	-0.175186	0.0702897	0.0790338	0.177982	0.21982	8.8422	2.70251
R	11477010459900000	19.8255	-7.35551	5.12728	0.0463764	19.8868	-7.39039	5.1171	-0.0771395	0.070265	0.0789399	0.177721	0.219598	8.8422	1.08417
L	11477010459950000	20.0818	-7.35	5.12836	0.17406	20.1733	-7.34991	5.14358	0.114758	0.0703367	0.0788237	0.177461	0.219299	1.72127	1.08417
R	11477010460000000	20.3381	-7.33809	5.12615	0.302565	20.4365	-7.36868	5.18582	0.167521	0.0704355	0.0787255	0.17723	0.219099	1.72127	4.30922
L	11477010460050000	20.5942	-7.31974	5.12056	0.431784	20.6557	-7.36674	5.13889	0.250462	0.070411	0.0786514	0.176973	0.218998	3.02427	4.30922
R	11477010460100000	20.8499	-7.29491	5.11155	0.561605	20.9066	-7.33653	5.10801	0.391334	0.0703748	0.0785688	0.176715	0.218872	3.02427	0.977144
L	11477010460150000	21.1051	-7.26358	5.09906	0.691914	21.172	-7.2523	5.09656	0.609063	0.070365	0.0784569	0.176458	0.218599	1.88455	0.977144
R	11477010460200000	21.3596	-7.22573	5.08306	0.822593	21.4361	-7.2227	5.10561	0.714827	0.0703837	0.0783432	0.176207	0.218359	1.88455	0.732462
L	11477010460250000	21.6132	-7.18134	5.06349	0.953522	21.6639	-7.27078	5.07703	0.676985	0.0703347	0.0783776	0.175953	0.218549	3.89252	0.732462
R	11477010460300000	21.8657	-7.1304	5.04032	1.08458	21.908	-7.20641	5.00273	0.84878	0.07027	0.0783709	0.175711	0.218601	3.89252	6.36791
L	11477010460350000	22.117	-7.07291	5.01352	1.21564	22.2116	-7.06939	5.01873	1.12572	0.070352	0.0782584	0.175459	0.21834	7.16426	6.36791
R	11477010460400000	22.3669	-7.00887	4.98307	1.34657	22.4328	-6.99194	4.90914	1.28631	0.0703398	0.0781515	0.175252	0.218051	7.16426	6.74676
L	11477010460450000	22.6151	-6.93829	4.94893	1.47726	22.6415	-6.89634	4.82895	1.44029	0.0702534	0.0780719	0.175119	0.217748	3.85276	6.74676
R	11477010460500000	22.8616	-6.86119	4.9111	1.60756	22.8917	-6.85008	4.83432	1.5036	0.0701716	0.0779629	0.174917	0.217509	3.85276	3.59873
L	11477010460550000	23.106	-6.77759	4.86956	1.73734	23.1168	-6.83778	4.79901	1.5087	0.0700742	0.0779182	0.174709	0.217541	2.26596	3.59873
R	11477010460600000	23.3483	-6.68751	4.82431	1.86648	23.3294	-6.75445	4.71556	1.62899	0.0699821	0.0778893	0.174557	0.2176	2.26596	4.44238
L	11477010460650000	23.5883	-6.59099	4.77535	1.99484	23.5633	-6.6697	4.67524	1.73937	0.0698958	0.0778916	0.174392	0.217716	0.0016314	4.44238
R	11477010460700000	23.8257	-6.48809	4.72269	2.12228	23.8158	-6.60161	4.68211	1.80825	0.0697992	0.0780148	0.174159	0.218047	0.0016314	2.52529
L	11477010460750000	24.0604	-6.37883	4.66633	2.24867	24.0277	-6.49066	4.61091	1.93913	0.0697227	0.0781303	0.173939	0.218358	1.28753	2.52529
R	11477010460800000	24.2922	-6.26328	4.6063	2.37389	24.2499	-6.37991	4.53696	2.06839	0.0696611	0.0782646	0.173734	0.218651	1.28753	0.751428
L	11477010460850000	24.5209	-6.14151	4.54262	2.49779	24.4963	-6.23465	4.49731	2.2397	0.0695758	0.0783101	0.173508	0.218771	1.44517	0.751428
R	11477010460900000	24.7463	-6.01357	4.47532	2.62023	24.739	-6.13696	4.50423	2.30772	0.0694799	0.0784716	0.173273	0.219088	1.44517	2.71694
L	11477010460950000	24.9683	-5.87956	4.40444	2.7411	24.9623	-6.00753	4.44526	2.42923	0.0693841	0.0786523	0.173046	0.2194	0.0727981	2.71694
R	11477010461000000	25.1866	-5.73954	4.33001	2.86026	25.1758	-5.8737	4.36392	2.55125	0.0692903	0.07886	0.172815	0.219698	0.0727981	0.448841
L	11477010461050000	25.4011	-5.5936	4.25209	2.97757	25.4094	-5.72136	4.31358	2.6905	0.0691959	0.0790368	0.172606	0.219913	0.789274	0.448841
R	11477010461100000	25.6117	-5.44185	4.17073	3.09291	25.5991	-5.57552	4.19797	2.81031	0.0691037	0.079239	0.172374	0.22011	0.789274	2.84232
L	11477010461150000	25.8181	-5.28439	4.08598	3.20616	25.7698	-5.33441	4.04304	3.05598	0.0690551	0.0791735	0.172152	0.219948	8.82457	2.84232
R	11477010461200000	26.0202	-5.12131	3.99791	3.31719	25.965	-5.17715	3.95347	3.16213	0.0690209	0.079119	0.171932	0.219797	8.82457	0.107009
L	11477010461250000	26.2178	-4.95274	3.90659	3.42588	26.1613	-5.05092	3.8872	3.21129	0.0689898	0.0791773	0.1717	0.219783	0.667181	0.107009
R	11477010461300000	26.4107	-4.7788	3.81209	3.53212	26.354	-4.86636	3.78434	3.34511	0.0689594	0.0792014	0.171472	0.2197	0.667181	5.60486
L	11477010461350000	26.5989	-4.5996	3.7145	3.63578	26.5529	-4.6302	3.67957	3.54166	0.0689073	0.0791098	0.171248	0.219456	2.82644	5.60486
R	11477010461400000	26.7821	-4.41529	3.6139	3.73676	26.7564	-4.46663	3.65084	3.6052	0.0688269	0.0790477	0.171027	0.219266	2.82644	2.09167
L	11477010461450000	26.9602	-4.226	3.51038	3.83494	26.9125	-4.30607	3.53867	3.66251	0.0687786	0.0790505	0.170802	0.219153	1.48552	2.09167
R	11477010461500000	27.1331	-4.03186	3.40403	3.93023	27.1103	-4.13683	3.52733	3.71432	0.068696	0.0791318	0.170692	0.219144	1.48552	4.95333
L	11477010461550000	27.3006	-3.83304	3.29495	4.02252	27.3226	-3.92555	3.47253	3.83634	0.0686131	0.0791708	0.170711	0.219062	3.38181	4.95333
R	11477010461600000	27.4625	-3.62967	3.18325	4.11172	27.4865	-3.71965	3.32609	3.94813	0.0685323	0.0792017	0.170642	0.218932	3.38181	4.45274
L	11477010461650000	27.6188	-3.42193	3.06903	4.19774	27.6709	-3.51554	3.24975	4.03877	0.0684937	0.0792437	0.17067	0.218794	0.886336	4.45274
R	11477010461700000	27.7694	-3.20995	2.95242	4.28049	27.8264	-3.2973	3.11311	4.14521	0.0684655	0.0792665	0.170644	0.218613	0.886336	2.55577
L	11477010461750000	27.914	-2.99393	2.83351	4.35989	27.9591	-3.04694	2.96072	4.27913	0.068414	0.0792082	0.170543	0.218362	1.69975	2.55577
R	11477010461800000	28.0527	-2.77401	2.71243	4.43586	28.0987	-2.82557	2.83493	4.36295	0.0683643	0.0791476	0.170434	0.218105	1.69975	0.338956
L	11477010461850000	28.1853	-2.55039	2.5893	4.50833	28.2077	-2.57253	2.66472	4.47779	0.0682835	0.0790511	0.170252	0.217822	2.18332	0.338956
R	11477010461900000	28.3116	-2.32322	2.46425	4.57724	28.3179	-2.33513	2.47966	4.56863	0.0681941	0.0789491	0.170029	0.217535	2.18332	1.77014
L	11477010461950000	28.4317	-2.0927	2.3374	4.64252	28.462	-2.12548	2.39352	4.61102	0.0681221	0.078863	0.16983	0.217254	1.1882	1.77014
R	11477010462000000	28.5453	-1.859	2.20888	4.70412	28.5954	-1.90348	2.31383	4.65864	0.0680811	0.0787924	0.169692	0.216981	1.1882	0.870911
L	11477010462050000	28.6526	-1.62231	2.07883	4.76199	28.725	-1.67482	2.2143	4.71292	0.0680927	0.0787351	0.169611	0.216712	0.54337	0.870911
R	11477010462100000	28.7532	-1.38282	1.94737	4.8161	28.8271	-1.44367	2.10624	4.75733	0.0681085	0.0786937	0.169584	0.216449	0.54337	3.6998
L	11477010462150000	28.8473	-1.14071	1.81465	4.86639	28.9338	-1.16829	1.97142	4.85814	0.0681629	0.0786038	0.169552	0.216168	1.04106	3.6998
R	11477010462200000	28.9347	-0.896184	1.6808	4.91284	29.0137	-0.919783	1.83102	4.9103	0.0681932	0.0785108	0.169505	0.215887	1.04106	4.24381
L	11477010462250000	29.0154	-0.649428	1.54595	4.95543	29.0892	-0.663625	1.67986	4.96723	0.0682082	0.0784124	0.169422	0.215608	0.320016	4.24381
R	11477010462300000	29.0893	-0.400636	1.41024	4.99413	29.1401	-0.400073	1.46779	5.02802	0.068169	0.078311	0.169229	0.215336	0.320016	2.56356
L	11477010462350000	29.1564	-0.150004	1.27382	5.02893	29.195	-0.192976	1.32913	5.00757	0.0681092	0.0782405	0.169034	0.215061	2.22685	2.56356
R	11477010462400000	29.2167	0.102274	1.13682	5.05982	29.26	0.0706149	1.16206	5.06071	0.0680571	0.0781563	0.168821	0.214785	2.22685	5.65418
L	11477010462450000	29.2701	0.356002	0.999371	5.08681	29.3093	0.341897	1.00598	5.11167	0.0679987	0.0780593	0.168605	0.214513	0.251638	5.65418
R	11477010462500000	29.3166	0.610984	0.861619	5.10989	29.3522	0.601358	0.860632	5.14073	0.0679356	0.077961	0.168389	0.214244	0.251638	0.707318
L	11477010462550000	29.3563	0.867027	0.723698	5.12908	29.418	0.803086	0.775849	5.09992	0.0679203	0.0779284	0.168195	0.213976	3.11394	0.707318
R	11477010462600000	29.389	1.12393	0.585743	5.14439	29.438	1.07176	0.5865	5.13366	0.0678788	0.0778737	0.167981	0.213704	3.11394	3.0356
L	11477010462650000	29.4149	1.38152	0.447888	5.15584	29.4806	1.34783	0.458397	5.17446	0.0678734	0.0777933	0.167768	0.213435	0.929656	3.0356
R	11477010462700000	29.4338	1.63957	0.310266	5.16347	29.5144	1.60939	0.328604	5.1916	0.0679087	0.0777096	0.167558	0.213169	0.929656	2.40046
L	11477010462750000	29.4459	1.89792	0.173006	5.1673	29.5126	1.86897	0.163308	5.1954	0.0679056	0.0776251	0.167347	0.212904	0.37332	2.40046
R	11477010462800000	29.4512	2.15637	0.0362376	5.16738	29.5052	2.12782	-0.0271063	5.19409	0.0678741	0.0775405	0.167167	0.21264	0.37332	2.2133
L	11477010462850000	29.4496	2.41474	-0.0999139	5.16374	29.4873	2.43812	-0.212633	5.24772	0.0678151	0.0774519	0.167052	0.212415	2.1897	2.2133
R	11477010462900000	29.4412	2.67283	-0.235325	5.15644	29.4688	2.6981	-0.376582	5.23558	0.0677442	0.0773651	0.166992	0.212185	2.1897	0.351615
L	11477010462950000	29.426	2.93047	-0.369875	5.14552	29.4876	3.00519	-0.484839	5.28751	0.0677294	0.0773586	0.166883	0.212039	5.44853	0.351615
R	11477010463000000	29.4042	3.18747	-0.503448	5.13105	29.4535	3.2698	-0.6247	5.2717	0.0676897	0.0773714	0.166784	0.211891	5.44853	3.39577
L	11477010463050000	29.3757	3.44367	-0.635928	5.11309	29.443	3.49841	-0.727931	5.21828	0.0676889	0.0773233	0.16664	0.211692	1.71494	3.39577
R	11477010463100000	29.3406	3.69889	-0.767205	5.09171	29.3956	3.75898	-0.877402	5.19463	0.0676604	0.0772853	0.166524	0.211491	1.71494	1.14239
L	11477010463150000	29.299	3.95295	-0.897172	5.06698	29.3334	3.95629	-1.02568	5.09105	0.0675983	0.0771898	0.16644	0.211233	4.02233	1.14239
R	11477010463200000	29.2509	4.2057	-1.02573	5.03897	29.3127	4.2111	-1.09557	5.07395	0.0675845	0.0770949	0.166271	0.210979	4.02233	2.90427
L	11477010463250000	29.1964	4.45697	-1.15277	5.00776	29.225	4.43231	-1.26695	4.99582	0.0675161	0.0770096	0.166163	0.21072	2.66088	2.90427
R	11477010463300000	29.1356	4.7066	-1.2782	4.97344	29.1524	4.68058	-1.40658	4.95712	0.0674383	0.0769257	0.16608	0.210462	2.66088	0.793845
L	11477010463350000	29.0686	4.95444	-1.40194	4.93609	29.0625	4.94823	-1.5711	4.93566	0.0673563	0.076832	0.166088	0.210204	0.700764	0.793845
R	11477010463400000	28.9954	5.20034	-1.52389	4.8958	28.9957	5.19421	-1.65046	4.90112	0.0672739	0.0767386	0.166003	0.209947	0.700764	2.78541
L	11477010463450000	28.9162	5.44416	-1.64397	4.85267	28.9561	5.42208	-1.71467	4.85065	0.0672206	0.0766528	0.165837	0.209691	3.53747	2.78541
R	11477010463500000	28.831	5.68575	-1.7621	4.80678	28.8533	5.6756	-1.86829	4.81288	0.0671478	0.0765611	0.165718	0.209436	3.53747	6.59766
L	11477010463550000	28.7399	5.92498	-1.87822	4.75823	28.7586	5.9231	-1.99527	4.77173	0.0670726	0.0764682	0.165617	0.209183	0.0705314	6.59766
R	11477010463600000	28.6431	6.16173	-1.99225	4.70713	28.6356	6.1654	-2.16002	4.71389	0.0669923	0.0763757	0.165622	0.20893	0.0705314	3.42632
L	11477010463650000	28.5407	6.39585	-2.10412	4.65358	28.5292	6.38974	-2.27834	4.64359	0.0669137	0.076284	0.165644	0.208678	0.105203	3.42632
R	11477010463700000	28.4327	6.62724	-2.21379	4.59767	28.4569	6.63567	-2.3349	4.61751	0.0668437	0.0761932	0.165551	0.208428	0.105203	11.9191
L	11477010463750000	28.3192	6.85578	-2.32119	4.53952	28.3593	6.83079	-2.41985	4.52047	0.0667922	0.0761114	0.165422	0.20818	1.57537	11.9191
R	11477010463800000	28.2005	7.08135	-2.42628	4.47922	28.2398	7.05052	-2.50921	4.4569	0.0667397	0.0760351	0.165274	0.207933	1.57537	2.5374
L	11477010463850000	28.0765	7.30386	-2.529	4.41689	28.1096	7.33913	-2.63618	4.47347	0.0666795	0.0759637	0.165159	0.207703	3.9043	2.5374
R	11477010463900000	27.9475	7.52321	-2.62933	4.35263	27.9753	7.56724	-2.74772	4.41326	0.0666137	0.0759035	0.165063	0.207476	3.9043	0.964251
L	11477010463950000	27.8135	7.73929	-2.72722	4.28656	27.8461	7.78149	-2.84382	4.3402	0.0665533	0.075841	0.164965	0.207245	0.199509	0.964251
R	11477010464000000	27.6747	7.95203	-2.82265	4.21877	27.6924	7.99595	-2.96357	4.26288	0.0664798	0.0757811	0.164912	0.20701	0.199509	0.751006
L	11477010464050000	27.5312	8.16134	-2.91558	4.14938	27.5292	8.20845	-3.08769	4.18303	0.0664011	0.075726	0.164929	0.206771	0.25097	0.751006
R	11477010464100000	27.3831	8.36714	-3.00599	4.07849	27.3547	8.40023	-3.24627	4.06473	0.0663369	0.0756536	0.165148	0.206528	0.25097	3.79257
L	11477010464150000	27.2305	8.56936	-3.09388	4.00622	27.2086	8.57339	-3.32355	3.94974	0.0662672	0.0755645	0.16533	0.206302	1.06688	3.79257
R	11477010464200000	27.0736	8.76794	-3.17922	3.93267	27.0395	8.77534	-3.4381	3.86546	0.0662099	0.0754765	0.165612	0.206085	1.06688	1.77144
L	11477010464250000	26.9125	8.9628	-3.262	3.85794	26.8167	9.03792	-3.61265	3.8456	0.066295	0.0754756	0.166288	0.205844	7.03242	1.77144
R	11477010464300000	26.7473	9.1539	-3.34223	3.78216	26.6315	9.22287	-3.69059	3.75174	0.0664539	0.075461	0.166946	0.205608	7.03242	4.51373
L	11477010464350000	26.5781	9.34119	-3.4199	3.70541	26.4363	9.36652	-3.79227	3.59569	0.0667294	0.0753827	0.167719	0.205436	1.68863	4.51373
R	11477010464400000	26.4052	9.52461	-3.49502	3.62781	26.279	9.56221	-3.80444	3.55061	0.0669293	0.0753167	0.168189	0.20523	1.68863	3.86653
L	11477010464450000	26.2285	9.70414	-3.56759	3.54945	26.0937	9.76897	-3.88782	3.49861	0.0671669	0.075294	0.168701	0.205006	1.00131	3.86653
R	11477010464500000	26.0483	9.87973	-3.63763	3.47045	25.9197	9.96216	-3.89752	3.46058	0.0673743	0.0753114	0.16897	0.204769	1.00131	6.64259
L	11477010464550000	25.8646	10.0514	-3.70515	3.39089	25.7482	10.0846	-3.94202	3.31123	0.0675287	0.0752411	0.169158	0.204568	2.50304	6.64259
R	11477010464600000	25.6776	10.219	-3.77016	3.31087	25.552	10.2511	-4.02527	3.21746	0.0677204	0.07517	0.169407	0.204381	2.50304	0.899475
L	11477010464650000	25.4875	10.3826	-3.8327	3.2305	25.3664	10.3452	-4.0721	3.03872	0.0678914	0.0751048	0.169602	0.204352	3.39699	0.899475
R	11477010464700000	25.2942	10.5422	-3.89278	3.14987	25.168	10.5135	-4.12019	2.97602	0.0680826	0.0750311	0.169757	0.204288	3.39699	4.6333
L	11477010464750000	25.098	10.6978	-3.95044	3.06906	24.9505	10.6639	-4.20266	2.87866	0.0683705	0.0749626	0.169992	0.204257	0.165116	4.6333
R	11477010464800000	24.899	10.8493	-4.00571	2.98817	24.7486	10.8148	-4.22537	2.81223	0.06867	0.0748949	0.170122	0.204196	0.165116	3.8009
L	11477010464850000	24.6973	10.9967	-4.05861	2.90729	24.5469	10.9378	-4.27427	2.69644	0.0689673	0.0748623	0.17024	0.204212	0.313891	3.8009
R	11477010464900000	24.493	11.1402	-4.10919	2.8265	24.3506	11.0956	-4.30916	2.64259	0.0692229	0.0748073	0.170314	0.204168	0.313891	6.76279
L	11477010464950000	24.2862	11.2795	-4.15749	2.74589	24.1574	11.2425	-4.34156	2.57642	0.0694161	0.0747431	0.170346	0.204096	1.45285	6.76279
R	11477010465000000	24.0771	11.4149	-4.20354	2.66553	23.9467	11.3623	-4.39367	2.46864	0.0696148	0.0747003	0.170394	0.20408	1.45285	2.41727
L	11477010465050000	23.8657	11.5462	-4.24739	2.58551	23.7389	11.425	-4.42517	2.29084	0.069797	0.0748382	0.170411	0.20433	2.59338	2.41727
R	11477010465100000	23.6522	11.6736	-4.28909	2.50589	23.536	11.5488	-4.4326	2.22504	0.0699365	0.0749885	0.170355	0.204535	2.59338	1.53951
L	11477010465150000	23.4366	11.797	-4.32868	2.42676	23.3155	11.6782	-4.48126	2.15555	0.0700938	0.075116	0.170317	0.20471	0.380748	1.53951
R	11477010465200000	23.2191	11.9164	-4.36622	2.34818	23.0969	11.7945	-4.50947	2.08136	0.0702541	0.0752538	0.170261	0.20487	0.380748	0.804569
L	11477010465250000	22.9998	12.0319	-4.40174	2.27022	22.862	11.9234	-4.56688	2.01975	0.0704781	0.0753449	0.17025	0.204984	0.575236	0.804569
R	11477010465300000	22.7788	12.1436	-4.43532	2.19295	22.6522	12.0418	-4.5692	1.96876	0.0706533	0.0754145	0.170177	0.205029	0.575236	2.07356
L	11477010465350000	22.5561	12.2513	-4.46699	2.11642	22.429	12.1388	-4.60215	1.87636	0.0708293	0.0755177	0.170107	0.205114	0.0720504	2.07356
R	11477010465400000	22.3319	12.3553	-4.49681	2.04071	22.2251	12.2505	-4.56878	1.846	0.0709296	0.0755954	0.169951	0.205091	0.0720504	4.99228
L	11477010465450000	22.1062	12.4555	-4.52484	1.96586	21.9637	12.354	-4.64292	1.76729	0.0711686	0.0756628	0.169854	0.205077	1.67538	4.99228
R	11477010465500000	21.8792	12.552	-4.55114	1.89194	21.7436	12.451	-4.66284	1.69555	0.0713758	0.0757283	0.169747	0.205058	1.67538	1.94418
L	11477010465550000	21.6509	12.6448	-4.57575	1.81899	21.511	12.5299	-4.69309	1.59944	0.0715999	0.0758374	0.169649	0.205091	0.0101245	1.94418
R	11477010465600000	21.4215	12.734	-4.59875	1.74706	21.295	12.6186	-4.6766	1.54797	0.0717674	0.0759474	0.169501	0.205078	0.0101245	2.65684
L	11477010465650000	21.1909	12.8197	-4.62018	1.6762	21.0795	12.7867	-4.69234	1.60287	0.0718789	0.0758796	0.169348	0.204881	9.17343	2.65684
R	11477010465700000	20.9593	12.9018	-4.6401	1.60647	20.8438	12.8718	-4.73049	1.52302	0.0720038	0.0758092	0.169215	0.204693	9.17343	2.07231
L	11477010465750000	20.7267	12.9804	-4.65858	1.53789	20.6439	12.9366	-4.713	1.43282	0.0720291	0.0757539	0.169048	0.204528	2.21086	2.07231
R	11477010465800000	20.4932	13.0557	-4.67567	1.47051	20.4046	12.9807	-4.76919	1.28502	0.0720694	0.0757524	0.16892	0.204488	2.21086	6.28577
L	11477010465850000	20.2589	13.1276	-4.69142	1.40437	20.1718	13.0813	-4.79038	1.25546	0.0721056	0.0757006	0.168799	0.204383	1.53439	6.28577
R	11477010465900000	20.0239	13.1962	-4.70591	1.3395	19.9291	13.1565	-4.79511	1.20836	0.0721628	0.0756408	0.168666	0.204252	1.53439	4.24987
L	11477010465950000	19.7882	13.2616	-4.71918	1.27594	19.7246	13.1766	-4.76959	1.07378	0.0721452	0.0756624	0.168499	0.204248	2.20671	4.24987
R	11477010466000000	19.5518	13.3239	-4.73129	1.21372	19.4898	13.2544	-4.77515	1.03873	0.0721246	0.0756495	0.168329	0.204189	2.20671	4.35592
L	11477010466050000	19.3149	13.3831	-4.7423	1.15287	19.2061	13.3381	-4.84802	0.998591	0.0722243	0.0755966	0.168218	0.204094	2.99586	4.35592
R	11477010466100000	19.0774	13.4392	-4.75226	1.09341	18.9658	13.3764	-4.8574	0.90412	0.0723323	0.0755713	0.168107	0.204063	2.99586	1.50579
L	11477010466150000	18.8395	13.4925	-4.76124	1.03538	18.7358	13.3986	-4.85392	0.791642	0.0724145	0.0756155	0.167981	0.204157	0.407553	1.50579
R	11477010466200000	18.6011	13.5429	-4.76928	0.97879	18.4833	13.4372	-4.87748	0.707809	0.0725427	0.0756931	0.167876	0.204324	0.407553	1.26131
L	11477010466250000	18.3624	13.5904	-4.77644	0.923668	18.2695