sensor_type	dt	px	py	vx	vy	estimate_x	estimate_y	estimate_vx	estimate_vy	rmse_x	rmse_y	rmse_vx	rmse_vy	NIS_lidar	NIS_radar
L	1477010443000000	0.6	0.6	5.19994	0	0.312243	0.58034	5.2	0	0.287757	0.0196602	6.29425e-05	0	0	0
R	1477010443050000	0.859997	0.600045	5.19975	0.00179686	0.715447	0.479493	5.36864	-0.135478	0.227705	0.0863693	0.119425	0.0970682	0	11.6164
L	1477010443100000	1.11998	0.600225	5.19943	0.00538996	1.00296	0.489536	5.39058	-0.11363	0.197815	0.0951687	0.147266	0.104897	1.44065	11.6164
R	1477010443150000	1.37996	0.600629	5.19898	0.0107781	1.26513	0.497912	5.35055	-0.0933779	0.180678	0.0971108	0.148354	0.104712	1.44065	3.89611
L	1477010443200000	1.6399	0.601347	5.19839	0.0179597	1.54985	0.510233	5.37038	-0.0659575	0.166546	0.0959415	0.153372	0.100897	1.1978	3.89611
R	1477010443250000	1.89982	0.60247	5.19766	0.0269323	1.82075	0.524449	5.37238	-0.00718264	0.155424	0.0931943	0.157132	0.0931527	1.1978	0.983443
L	1477010443300000	2.1597	0.604086	5.19678	0.0376932	2.1031	0.538056	5.38816	0.0229865	0.145477	0.0898181	0.162468	0.0864216	0.992197	0.983443
R	1477010443350000	2.41954	0.606284	5.19573	0.0502389	2.36074	0.570486	5.35015	0.141404	0.13766	0.0849651	0.161484	0.0870287	0.992197	4.39573
L	1477010443400000	2.67932	0.609155	5.1945	0.0645654	2.63297	0.586832	5.35416	0.177293	0.130704	0.0804507	0.161282	0.0902462	0.33686	4.39573
R	1477010443450000	2.93904	0.612786	5.19309	0.080668	2.89824	0.606941	5.34258	0.224893	0.124666	0.0763446	0.160142	0.0970053	0.33686	0.280369
L	1477010443500000	3.19869	0.617267	5.19147	0.0985415	3.14874	0.618642	5.31967	0.25758	0.119814	0.0727929	0.157506	0.104182	0.943343	0.280369
R	1477010443550000	3.45825	0.622685	5.18963	0.11818	3.41792	0.59405	5.32172	0.161875	0.115303	0.0701824	0.155547	0.100541	0.943343	2.24184
L	1477010443600000	3.71772	0.62913	5.18754	0.139576	3.70687	0.565295	5.35285	0.0534205	0.11082	0.0697147	0.156319	0.0995088	5.01582	2.24184
R	1477010443650000	3.97708	0.636689	5.18519	0.162724	3.9839	0.589263	5.37155	0.108933	0.106805	0.068364	0.158654	0.0969607	5.01582	1.21446
L	1477010443700000	4.23632	0.645449	5.18256	0.187614	4.25927	0.592341	5.38004	0.104646	0.103353	0.0674544	0.161533	0.0960913	0.136864	1.21446
R	1477010443750000	4.49542	0.655498	5.17962	0.214238	4.52153	0.611144	5.35798	0.141312	0.100284	0.0662471	0.162636	0.0948095	0.136864	0.901022
L	1477010443800000	4.75437	0.666921	5.17634	0.242587	4.73302	0.66722	5.2875	0.287243	0.0974276	0.0642691	0.160067	0.0926142	10.3205	0.901022
R	1477010443850000	5.01315	0.679804	5.1727	0.272649	4.98857	0.673347	5.24943	0.277008	0.0948598	0.0624769	0.156605	0.0900106	10.3205	2.63574
L	1477010443900000	5.27175	0.694234	5.16867	0.304413	5.28544	0.678487	5.29003	0.259705	0.0923832	0.0609178	0.15495	0.0882083	2.83444	2.63574
R	1477010443950000	5.53013	0.710295	5.16422	0.337868	5.54457	0.689392	5.29235	0.270699	0.0901018	0.059559	0.15372	0.0872769	2.83444	1.38597
L	1477010444000000	5.78828	0.728072	5.15932	0.372999	5.83659	0.702342	5.32379	0.273795	0.0885601	0.0583942	0.154249	0.0878815	1.75645	1.38597
R	1477010444050000	6.04618	0.747647	5.15393	0.409793	6.08436	0.669517	5.27545	0.187782	0.086906	0.0594336	0.152913	0.0980433	1.75645	5.20153
L	1477010444100000	6.30379	0.769103	5.14803	0.448233	6.34481	0.732206	5.27147	0.300246	0.085425	0.0586341	0.151751	0.100731	2.59784	5.20153
R	1477010444150000	6.5611	0.792523	5.14157	0.488305	6.59821	0.756508	5.24278	0.327405	0.0839686	0.0578685	0.149985	0.103936	2.59784	0.871898
L	1477010444200000	6.81808	0.817988	5.13452	0.52999	6.85048	0.76186	5.23128	0.319687	0.0825269	0.0577998	0.148224	0.11018	0.362812	0.871898
R	1477010444250000	7.07469	0.845578	5.12685	0.573269	7.09823	0.75835	5.17879	0.289159	0.0810559	0.0592028	0.145702	0.121562	0.362812	4.27902
L	1477010444300000	7.3309	0.875373	5.11851	0.618123	7.32639	0.813476	5.1429	0.375692	0.0795454	0.0593047	0.143055	0.128089	3.0224	4.27902
R	1477010444350000	7.58668	0.907449	5.10946	0.664531	7.61204	0.82967	5.19303	0.384325	0.078259	0.0600625	0.141363	0.136473	3.0224	3.54966
L	1477010444400000	7.84199	0.941886	5.09966	0.712469	7.86394	0.822064	5.18451	0.348988	0.0770057	0.0630729	0.139795	0.150128	0.76757	3.54966
R	1477010444450000	8.0968	0.978759	5.08907	0.761915	8.11662	0.839954	5.14832	0.356259	0.0757978	0.0669911	0.13787	0.165144	0.76757	2.91093
L	1477010444500000	8.35106	1.01814	5.07766	0.812843	8.35737	0.855267	5.12939	0.363106	0.0745739	0.0721026	0.135946	0.181431	0.624128	2.91093
R	1477010444550000	8.60472	1.06011	5.06537	0.865226	8.62236	0.91956	5.1642	0.457637	0.0734656	0.0751907	0.134941	0.192562	0.624128	6.25804
L	1477010444600000	8.85775	1.10473	5.05216	0.919037	8.86169	0.967373	5.14044	0.515645	0.0723472	0.0778078	0.133766	0.202207	1.07131	6.25804
R	1477010444650000	9.1101	1.15208	5.03798	0.974245	9.14701	1.00123	5.17346	0.544885	0.0715559	0.080903	0.133817	0.212384	1.07131	6.48068
L	1477010444700000	9.36172	1.20223	5.0228	1.03082	9.38547	1.03483	5.14902	0.572655	0.0706404	0.0846106	0.133606	0.223195	0.875826	6.48068
R	1477010444750000	9.61255	1.25524	5.00656	1.08873	9.66221	1.0921	5.17352	0.639689	0.0701425	0.0877461	0.134644	0.23245	0.875826	4.61286
L	1477010444800000	9.86254	1.31118	4.98922	1.14794	9.93445	1.19709	5.17651	0.785655	0.0701908	0.0885612	0.136334	0.236896	4.20211	4.61286
R	1477010444850000	10.1117	1.37011	4.97074	1.20841	10.1887	1.26425	5.13549	0.854992	0.0703786	0.0890595	0.137157	0.240686	4.20211	5.52061
L	1477010444900000	10.3598	1.4321	4.95106	1.2701	10.4174	1.34527	5.09349	0.946912	0.0700807	0.089003	0.137295	0.243152	2.2307	5.52061
R	1477010444950000	10.6069	1.49721	4.93014	1.33298	10.6574	1.40978	5.02916	1.00045	0.0696583	0.088964	0.136469	0.245783	2.2307	5.2567
L	1477010445000000	10.853	1.56549	4.90794	1.39701	10.8851	1.46096	4.99671	1.03238	0.0689857	0.0893757	0.135506	0.249356	1.21519	5.2567
R	1477010445050000	11.0979	1.637	4.8844	1.46213	11.1486	1.50834	5.00976	1.05581	0.0686072	0.0905092	0.135273	0.254223	1.21519	1.31498
L	1477010445100000	11.3416	1.71179	4.85948	1.52832	11.4232	1.57182	5.02822	1.10357	0.0689363	0.0919623	0.136145	0.259464	1.47001	1.31498
R	1477010445150000	11.584	1.78992	4.83313	1.59551	11.6583	1.62371	4.98765	1.12662	0.069062	0.0943015	0.13659	0.266061	1.47001	1.11707
L	1477010445200000	11.8251	1.87144	4.80531	1.66366	11.8891	1.69858	4.9566	1.1884	0.0689538	0.0967429	0.136934	0.272461	0.767639	1.11707
R	1477010445250000	12.0647	1.95639	4.77598	1.73273	12.1437	1.77658	4.96617	1.25281	0.0691858	0.0992905	0.13831	0.278618	0.767639	1.50528
L	1477010445300000	12.3029	2.04482	4.74508	1.80265	12.3833	1.82743	4.95091	1.26559	0.0694444	0.10322	0.140086	0.286554	0.29662	1.50528
R	1477010445350000	12.5394	2.13677	4.71257	1.87338	12.6365	1.8867	4.96568	1.29212	0.0701306	0.108329	0.143352	0.295705	0.29662	0.758842
L	1477010445400000	12.7743	2.23227	4.67842	1.94485	12.8409	2.01265	4.89464	1.42798	0.0700592	0.111714	0.145205	0.301843	4.83461	0.758842
R	1477010445450000	13.0075	2.33137	4.64258	2.01701	13.1041	2.10729	4.92486	1.50555	0.0706882	0.115042	0.149186	0.307439	4.83461	3.87041
L	1477010445500000	13.2388	2.43409	4.605	2.08981	13.3097	2.24456	4.8511	1.64713	0.0706936	0.116959	0.151683	0.310657	4.20787	3.87041
R	1477010445550000	13.4682	2.54047	4.56565	2.16317	13.5031	2.36244	4.73712	1.7426	0.0701784	0.11843	0.152087	0.313135	4.20787	12.6303
L	1477010445600000	13.6955	2.65053	4.52448	2.23703	13.7486	2.49193	4.71749	1.85587	0.0698943	0.119314	0.152961	0.314555	1.40318	12.6303
R	1477010445650000	13.9208	2.7643	4.48147	2.31134	13.9726	2.59217	4.67348	1.91257	0.0696024	0.120502	0.153774	0.316318	1.40318	0.560921
L	1477010445700000	14.1439	2.88179	4.43656	2.38601	14.2	2.75206	4.62539	2.06379	0.0693809	0.120676	0.154482	0.316426	2.13941	0.560921
R	1477010445750000	14.3646	3.00303	4.38974	2.46099	14.4466	2.85524	4.64106	2.11606	0.0696262	0.121214	0.156737	0.316958	2.13941	1.09479
L	1477010445800000	14.583	3.12802	4.34097	2.5362	14.6496	2.95447	4.58759	2.15471	0.069574	0.122325	0.158753	0.318203	1.92237	1.09479
R	1477010445850000	14.7989	3.25679	4.29021	2.61157	14.8816	3.09087	4.57386	2.2524	0.0698213	0.123207	0.161726	0.318954	1.92237	4.56046
L	1477010445900000	15.0122	3.38932	4.23744	2.68703	15.0889	3.28279	4.49422	2.43121	0.0699442	0.122944	0.163797	0.317988	3.23811	4.56046
R	1477010445950000	15.2228	3.52563	4.18263	2.76249	15.3067	3.42913	4.4316	2.52302	0.0702001	0.12255	0.165576	0.316839	3.23811	3.27322
L	1477010446000000	15.4306	3.66572	4.12575	2.83789	15.518	3.62493	4.35831	2.68966	0.0705158	0.121653	0.166891	0.314804	2.47691	3.27322
R	1477010446050000	15.6355	3.80957	4.06678	2.91315	15.7322	3.75141	4.31793	2.73438	0.0710128	0.120894	0.168584	0.313079	2.47691	0.589837
L	1477010446100000	15.8375	3.95719	4.00571	2.98817	15.9474	3.91622	4.26856	2.83615	0.0717959	0.120042	0.170488	0.311174	0.460044	0.589837
R	1477010446150000	16.0363	4.10854	3.94251	3.0629	16.1502	4.0667	4.18695	2.90392	0.072643	0.119215	0.171889	0.309373	0.460044	2.11693
L	1477010446200000	16.2319	4.26363	3.87716	3.13723	16.3459	4.27176	4.10259	3.05586	0.0734555	0.118299	0.172838	0.307149	1.80109	2.11693
R	1477010446250000	16.4242	4.42242	3.80966	3.21109	16.5571	4.42752	4.06362	3.12053	0.0747119	0.117401	0.174349	0.305017	1.80109	0.500966
L	1477010446300000	16.613	4.5849	3.74	3.28438	16.7329	4.61292	3.97046	3.2259	0.0755854	0.116572	0.175318	0.302817	1.12671	0.500966
R	1477010446350000	16.7983	4.75103	3.66817	3.35704	16.8994	4.78994	3.82426	3.30177	0.0760229	0.115807	0.175051	0.300657	1.12671	6.01021
L	1477010446400000	16.9799	4.92077	3.59416	3.42897	17.0647	5.02247	3.70588	3.46403	0.0761567	0.115615	0.174298	0.2985	2.42023	6.01021
R	1477010446450000	17.1579	5.09409	3.51797	3.50008	17.2388	5.1875	3.61896	3.51091	0.0762266	0.115328	0.173469	0.296363	2.42023	1.81683
L	1477010446500000	17.3319	5.27094	3.4396	3.57028	17.3957	5.38718	3.51684	3.60781	0.0760661	0.115341	0.172486	0.294302	0.759394	1.81683
R	1477010446550000	17.5019	5.45128	3.35907	3.63949	17.5559	5.55445	3.41806	3.6453	0.0758034	0.115181	0.171425	0.292252	0.759394	3.50286
L	1477010446600000	17.6679	5.63506	3.27637	3.70762	17.7392	5.70859	3.38301	3.66422	0.0757437	0.114712	0.170704	0.290288	0.546048	3.50286
R	1477010446650000	17.8297	5.82221	3.19151	3.77458	17.8884	5.90019	3.26036	3.72808	0.0755389	0.114295	0.169736	0.288371	0.546048	2.14623
L	1477010446700000	17.9872	6.01269	3.10453	3.84027	18.0575	6.10365	3.19376	3.80985	0.0754724	0.114015	0.168915	0.286463	0.47523	2.14623
R	1477010446750000	18.1402	6.20641	3.01542	3.90462	18.2087	6.30612	3.09997	3.88164	0.0753843	0.113839	0.16808	0.284585	0.47523	0.967761
L	1477010446800000	18.2888	6.40332	2.92421	3.96753	18.3316	6.5454	2.96545	4.00127	0.075052	0.11425	0.167051	0.282757	1.56779	0.967761
R	1477010446850000	18.4328	6.60333	2.83093	4.0289	18.4665	6.75368	2.85328	4.0646	0.0746672	0.114785	0.165996	0.280967	1.56779	0.727084
L	1477010446900000	18.572	6.80638	2.7356	4.08867	18.6064	6.91618	2.79199	4.06216	0.0742938	0.114723	0.165064	0.279199	1.55891	0.727084
R	1477010446950000	18.7064	7.01237	2.63825	4.14672	18.7521	7.12224	2.73005	4.11983	0.0740041	0.114664	0.16435	0.277465	1.55891	0.264563
L	1477010447000000	18.8359	7.22122	2.53893	4.20299	18.9347	7.28393	2.73538	4.10742	0.0743612	0.114167	0.164784	0.275951	3.04993	0.264563
R	1477010447050000	18.9604	7.43283	2.43767	4.25737	19.0292	7.48937	2.57451	4.14861	0.0742962	0.11364	0.164472	0.274527	3.04993	4.99361
L	1477010447100000	19.0798	7.64712	2.3345	4.3098	19.1244	7.74309	2.43109	4.25873	0.0740095	0.113443	0.163822	0.272925	1.65316	4.99361
R	1477010447150000	19.1939	7.86397	2.22949	4.36017	19.243	7.95258	2.34543	4.29974	0.0737626	0.11318	0.163335	0.271376	1.65316	0.237189
L	1477010447200000	19.3028	8.08329	2.12266	4.40842	19.3231	8.17117	2.21076	4.3489	0.0733607	0.112915	0.162652	0.269852	1.99587	0.237189
R	1477010447250000	19.4062	8.30497	2.01409	4.45445	19.4202	8.38399	2.11597	4.38721	0.0729484	0.11258	0.162076	0.268377	1.99587	2.38871
L	1477010447300000	19.5042	8.5289	1.90381	4.49819	19.5094	8.54895	2.03261	4.35668	0.0725301	0.111951	0.161733	0.267261	4.46195	2.38871
R	1477010447350000	19.5966	8.75494	1.7919	4.53956	19.5998	8.76175	1.92332	4.38484	0.0721176	0.111316	0.16142	0.266249	4.46195	0.814269
L	1477010447400000	19.6835	8.983	1.67841	4.57848	19.75	8.94669	1.9266	4.37722	0.0720577	0.110756	0.162652	0.265607	3.72794	0.814269
R	1477010447450000	19.7645	9.21294	1.56341	4.61488	19.8251	9.17067	1.79446	4.41291	0.0719398	0.110229	0.163569	0.264984	3.72794	1.24331
L	1477010447500000	19.8398	9.44463	1.44697	4.64869	19.9504	9.39393	1.75813	4.44984	0.0724757	0.10975	0.165906	0.264348	2.44954	1.24331
R	1477010447550000	19.9093	9.67795	1.32916	4.67984	20.0009	9.61747	1.59196	4.47271	0.0727117	0.109334	0.167262	0.263792	2.44954	3.33507
L	1477010447600000	19.9728	9.91275	1.21005	4.70826	20.0882	9.85175	1.51077	4.51682	0.0733044	0.108928	0.169257	0.26312	0.412631	3.33507
R	1477010447650000	20.0303	10.1489	1.08972	4.73389	20.1482	10.0971	1.39762	4.57175	0.0739203	0.108479	0.171323	0.262251	0.412631	6.98641
L	1477010447700000	20.0818	10.3863	0.968259	4.75666	20.1999	10.3581	1.26781	4.63844	0.0745224	0.107946	0.173168	0.261149	0.775426	6.98641
R	1477010447750000	20.1271	10.6247	0.845742	4.77652	20.2232	10.5905	1.09053	4.65173	0.0747797	0.107439	0.174066	0.260097	0.775426	3.80713
L	1477010447800000	20.1663	10.864	0.722256	4.7934	20.2824	10.8567	0.985137	4.71526	0.0753212	0.106886	0.175212	0.258874	1.66079	3.80713
R	1477010447850000	20.1993	11.1041	0.597892	4.80727	20.313	11.1073	0.851589	4.75151	0.0758103	0.10634	0.176189	0.257612	1.66079	5.01461
L	1477010447900000	20.2261	11.3449	0.472738	4.81807	20.3463	11.3477	0.736018	4.77148	0.0763876	0.105802	0.177283	0.25635	0.048533	5.01461
R	1477010447950000	20.2466	11.5861	0.346889	4.82575	20.3087	11.5883	0.472342	4.75809	0.0762577	0.105271	0.17684	0.255155	0.048533	13.4535
L	1477010448000000	20.2608	11.8275	0.220439	4.83027	20.3743	11.8351	0.41977	4.78435	0.0767149	0.104752	0.177077	0.25393	3.58525	13.4535
R	1477010448050000	20.2687	12.0692	0.093487	4.83159	20.3931	12.0701	0.33144	4.79668	0.0773267	0.104237	0.177775	0.252705	3.58525	2.94754
L	1477010448100000	20.2701	12.3108	-0.0338694	4.82968	20.3835	12.3498	0.170024	4.84668	0.0777564	0.103801	0.178047	0.251481	1.42235	2.94754
R	1477010448150000	20.2652	12.5522	-0.161529	4.82451	20.3436	12.5853	-0.0485923	4.8151	0.0777624	0.103352	0.177534	0.250271	1.42235	5.06147
L	1477010448200000	20.254	12.7933	-0.28939	4.81605	20.3639	12.831	-0.131703	4.82294	0.0781316	0.102924	0.177356	0.249077	1.13401	5.06147
R	1477010448250000	20.2363	13.0339	-0.417348	4.80428	20.3506	13.0629	-0.266436	4.79985	0.0785513	0.102476	0.177125	0.2479	1.13401	2.39866
L	1477010448300000	20.2122	13.2738	-0.545298	4.78918	20.315	13.284	-0.406056	4.76666	0.0788117	0.102001	0.176808	0.246749	1.4363	2.39866
R	1477010448350000	20.1818	13.5129	-0.673135	4.77072	20.2753	13.5177	-0.55025	4.74508	0.0789602	0.101529	0.176385	0.245616	1.4363	1.50089
L	1477010448400000	20.1449	13.7509	-0.800753	4.74892	20.2533	13.7758	-0.664706	4.75604	0.0792804	0.10109	0.176057	0.244488	0.936363	1.50089
R	1477010448450000	20.1017	13.9878	-0.928043	4.72374	20.199	14.0037	-0.826102	4.71265	0.079463	0.100641	0.175524	0.243376	0.936363	1.5573
L	1477010448500000	20.0521	14.2233	-1.0549	4.69521	20.1444	14.2579	-0.968633	4.70938	0.0795877	0.10024	0.174923	0.242281	0.3795	1.5573
R	1477010448550000	19.9962	14.4573	-1.18121	4.66331	20.0728	14.4856	-1.1239	4.66557	0.079562	0.0998277	0.174225	0.241197	0.3795	1.80162
L	1477010448600000	19.934	14.6897	-1.30687	4.62805	19.9685	14.7375	-1.31832	4.64389	0.0792757	0.0994866	0.173455	0.240132	2.02487	1.80162
R	1477010448650000	19.8655	14.9202	-1.43177	4.58944	19.8981	14.9555	-1.4328	4.59558	0.0789864	0.0991047	0.172693	0.239077	2.02487	3.15765
L	1477010448700000	19.7908	15.1486	-1.55581	4.54751	19.859	15.1802	-1.50157	4.5616	0.0788995	0.0987167	0.172015	0.238039	1.44322	3.15765
R	1477010448750000	19.7099	15.3749	-1.67887	4.50226	19.7357	15.3944	-1.74435	4.45152	0.0785952	0.0983069	0.17138	0.237058	1.44322	10.3514
L	1477010448800000	19.6229	15.5989	-1.80085	4.45372	19.6972	15.5947	-1.78801	4.39361	0.0785599	0.0978866	0.17065	0.236108	2.67979	10.3514
R	1477010448850000	19.5298	15.8203	-1.92164	4.40193	19.5991	15.8022	-1.91888	4.3246	0.0784861	0.0974852	0.169925	0.235213	2.67979	1.50539
L	1477010448900000	19.4307	16.039	-2.04114	4.3469	19.4958	16.0166	-2.04423	4.26792	0.0783828	0.0970965	0.16921	0.234335	0.0257242	1.50539
R	1477010448950000	19.3257	16.2549	-2.15925	4.28868	19.3891	16.2243	-2.15258	4.21139	0.0782696	0.0967315	0.168505	0.233463	0.0257242	1.46557
L	1477010449000000	19.2148	16.4679	-2.27586	4.22731	19.2767	16.4069	-2.26344	4.11915	0.0781484	0.0964904	0.167811	0.232704	1.03855	1.46557
R	1477010449050000	19.0981	16.6777	-2.39087	4.16284	19.1561	16.6054	-2.38951	4.04071	0.0780041	0.0963164	0.167122	0.232012	1.03855	0.452424
L	1477010449100000	18.9757	16.8841	-2.50418	4.0953	19.027	16.8124	-2.5127	3.97774	0.0778237	0.096142	0.166443	0.23131	0.0717101	0.452424
R	1477010449150000	18.8477	17.0872	-2.61571	4.02476	18.8738	17.0076	-2.69844	3.86165	0.0775446	0.0960196	0.165937	0.23084	0.0717101	7.81818
L	1477010449200000	18.7142	17.2866	-2.72534	3.95127	18.7078	17.2339	-2.85851	3.81138	0.077236	0.0957505	0.1657	0.230255	1.72541	7.81818
R	1477010449250000	18.5752	17.4822	-2.83299	3.87489	18.5948	17.4328	-2.8874	3.78256	0.0769486	0.0954716	0.165113	0.229487	1.72541	4.84995
L	1477010449300000	18.4309	17.674	-2.93858	3.79568	18.3864	17.6192	-3.07652	3.67459	0.0767468	0.0952193	0.164916	0.228834	4.56076	4.84995
R	1477010449350000	18.2814	17.8617	-3.042	3.71372	18.2468	17.8055	-3.13352	3.61915	0.0765077	0.0949769	0.16447	0.228092	4.56076	2.43431
L	1477010449400000	18.1268	18.0453	-3.14318	3.62906	18.1081	17.991	-3.20685	3.54687	0.0762283	0.0947288	0.163927	0.227321	0.699682	2.43431
R	1477010449450000	17.9671	18.2246	-3.24204	3.5418	17.9341	18.1498	-3.32771	3.42122	0.0759899	0.0945913	0.163468	0.226692	0.699682	1.84584
L	1477010449500000	17.8026	18.3994	-3.3385	3.45199	17.7933	18.2976	-3.38119	3.31151	0.0757037	0.094649	0.162886	0.226159	1.0104	1.84584
R	1477010449550000	17.6334	18.5697	-3.43247	3.35973	17.6559	18.4775	-3.42029	3.25951	0.0754419	0.0946307	0.162271	0.225469	1.0104	6.70859
L	1477010449600000	17.4595	18.7353	-3.5239	3.26509	17.4629	18.652	-3.53689	3.17463	0.0751583	0.0945508	0.161664	0.224757	0.493963	6.70859
R	1477010449650000	17.281	18.8962	-3.61271	3.16817	17.2823	18.7963	-3.62571	3.05758	0.0748774	0.0945914	0.161063	0.22412	0.493963	1.65519
L	1477010449700000	17.0983	19.0521	-3.69883	3.06904	17.1148	18.9343	-3.68578	2.94691	0.0746131	0.0947842	0.160469	0.223536	0.339352	1.65519
R	1477010449750000	16.9113	19.203	-3.78221	2.9678	16.9468	19.1018	-3.73658	2.89019	0.0744006	0.0948327	0.159926	0.222812	0.339352	3.24991
L	1477010449800000	16.7201	19.3488	-3.86278	2.86455	16.7296	19.2165	-3.84463	2.74265	0.0741329	0.0951592	0.159349	0.222241	2.68417	3.24991
R	1477010449850000	16.5251	19.4894	-3.9405	2.75938	16.5412	19.3683	-3.91449	2.66076	0.0738766	0.0953722	0.158786	0.221594	2.68417	3.19533
L	1477010449900000	16.3262	19.6246	-4.01531	2.65237	16.3204	19.5216	-4.01939	2.57399	0.073612	0.0954297	0.158214	0.220895	0.925675	3.19533
R	1477010449950000	16.1237	19.7545	-4.08716	2.54364	16.0989	19.6105	-4.11191	2.39887	0.0733785	0.0958642	0.157662	0.220445	0.925675	9.86268
L	1477010450000000	15.9176	19.8789	-4.15602	2.43329	15.8938	19.7507	-4.17932	2.31456	0.0731454	0.0961322	0.157114	0.219889	0.802879	9.86268
R	1477010450050000	15.7082	19.9978	-4.22185	2.32141	15.7026	19.8718	-4.19678	2.24388	0.0728889	0.0963747	0.156574	0.21921	0.802879	3.72845
L	1477010450100000	15.4956	20.111	-4.28461	2.2081	15.4752	20.0169	-4.28194	2.1723	0.0726536	0.0963593	0.156026	0.218463	1.60895	3.72845
R	1477010450150000	15.2799	20.2185	-4.34427	2.09347	15.2682	20.1536	-4.32306	2.1158	0.0724074	0.0961764	0.155493	0.217711	1.60895	6.27004
L	1477010450200000	15.0613	20.3203	-4.4008	1.97763	15.0735	20.2832	-4.35277	2.04725	0.0721644	0.0958936	0.155008	0.217036	2.11499	6.27004
R	1477010450250000	14.84	20.4162	-4.4542	1.86068	14.8464	20.3686	-4.41152	1.91319	0.0719187	0.0956458	0.154516	0.216335	2.11499	1.81036
L	1477010450300000	14.6161	20.5063	-4.50443	1.74272	14.6284	20.4852	-4.45884	1.83294	0.0716809	0.0953358	0.154036	0.215726	0.880789	1.81036
R	1477010450350000	14.3897	20.5904	-4.55149	1.62386	14.3964	20.5738	-4.51883	1.70867	0.0714404	0.0950231	0.153538	0.215109	0.880789	1.03325
L	1477010450400000	14.1611	20.6686	-4.59537	1.50421	14.1496	20.6487	-4.58374	1.57498	0.0712065	0.0947177	0.153025	0.214465	0.668762	1.03325
R	1477010450450000	13.9304	20.7408	-4.63606	1.38386	13.9157	20.7216	-4.63219	1.44252	0.0709788	0.0944145	0.152514	0.213802	0.668762	0.253413
L	1477010450500000	13.6977	20.807	-4.67357	1.26294	13.6455	20.7855	-4.71228	1.3011	0.0708708	0.0941175	0.152041	0.213116	1.86193	0.253413
R	1477010450550000	13.4632	20.8671	-4.70789	1.14153	13.3994	20.8219	-4.76692	1.11	0.0708268	0.0938788	0.151615	0.212429	1.86193	2.48574
L	1477010450600000	13.2271	20.9211	-4.73904	1.01975	13.1518	20.8681	-4.8039	0.968526	0.0708571	0.0936695	0.15121	0.211774	0.182279	2.48574
R	1477010450650000	12.9895	20.969	-4.76702	0.897694	12.9195	20.925	-4.82247	0.855227	0.0708517	0.0934324	0.150785	0.211113	0.182279	1.73311
L	1477010450700000	12.7506	21.0108	-4.79186	0.775469	12.7113	20.9749	-4.80748	0.749876	0.0706933	0.0931751	0.150303	0.210441	1.75499	1.73311
R	1477010450750000	12.5106	21.0465	-4.81358	0.653175	12.4607	21.0144	-4.84255	0.61773	0.0705792	0.0929116	0.149838	0.209785	1.75499	2.69661
L	1477010450800000	12.2695	21.0761	-4.83219	0.530912	12.2141	21.0538	-4.86553	0.502159	0.0704928	0.0926324	0.149384	0.209128	0.174019	2.69661
R	1477010450850000	12.0276	21.0996	-4.84773	0.408778	11.9739	21.0748	-4.87864	0.360167	0.0703987	0.0923598	0.148931	0.208501	0.174019	1.083
L	1477010450900000	11.785	21.117	-4.86022	0.286869	11.7274	21.0532	-4.87869	0.175426	0.0703254	0.0922078	0.148469	0.208032	1.97518	1.083
R	1477010450950000	11.5418	21.1283	-4.86971	0.165281	11.4779	21.0415	-4.88601	0.0079463	0.0702871	0.0921748	0.14801	0.207754	1.97518	1.24657
L	1477010451000000	11.2982	21.1335	-4.87623	0.0441057	11.257	21.0398	-4.8579	-0.119773	0.070144	0.0921847	0.147556	0.20751	0.64851	1.24657
R	1477010451050000	11.0544	21.1327	-4.87982	-0.076565	11.0004	21.0036	-4.86295	-0.304671	0.070056	0.0924579	0.147106	0.207643	0.64851	4.41785
L	1477010451100000	10.8105	21.1259	-4.88053	-0.196643	10.7843	20.9712	-4.81662	-0.454314	0.069871	0.0929668	0.14674	0.207987	0.739509	4.41785
R	1477010451150000	10.5666	21.1131	-4.8784	-0.31604	10.5368	20.9638	-4.80594	-0.541906	0.0696966	0.0934127	0.146401	0.208101	0.739509	4.94807
L	1477010451200000	10.3229	21.0943	-4.87349	-0.434674	10.2678	20.9829	-4.84041	-0.611361	0.0696173	0.0935324	0.145979	0.207924	3.14672	4.94807
R	1477010451250000	10.0795	21.0697	-4.86585	-0.552463	10.0292	20.9627	-4.82235	-0.719387	0.0695172	0.093619	0.145578	0.207702	3.14672	0.985722
L	1477010451300000	9.83658	21.0391	-4.85554	-0.669327	9.82641	20.9261	-4.75815	-0.837754	0.0693132	0.093747	0.145337	0.207489	1.70212	0.985722
R	1477010451350000	9.59422	21.0028	-4.84262	-0.785189	9.59479	20.9101	-4.72449	-0.889853	0.0691066	0.0937409	0.14519	0.207028	1.70212	2.68122
L	1477010451400000	9.35258	20.9607	-4.82714	-0.899977	9.39338	20.8588	-4.65833	-1.012	0.0689733	0.0937909	0.145341	0.206594	1.17682	2.68122
R	1477010451450000	9.11177	20.9128	-4.80919	-1.01362	9.16965	20.8181	-4.62393	-1.11104	0.0689133	0.0937968	0.145608	0.206121	1.17682	1.56726
L	1477010451500000	8.87192	20.8594	-4.78881	-1.12605	8.89139	20.7779	-4.65687	-1.21193	0.0687276	0.0937295	0.145532	0.205622	2.09526	1.56726
R	1477010451550000	8.63315	20.8003	-4.76608	-1.2372	8.67268	20.7022	-4.60354	-1.34511	0.0685938	0.0937556	0.145637	0.205189	2.09526	4.37599
L	1477010451600000	8.39557	20.7358	-4.74108	-1.34701	8.40535	20.6153	-4.60623	-1.4925	0.0683993	0.0939314	0.145577	0.204894	2.6567	4.37599
R	1477010451650000	8.1593	20.6657	-4.71387	-1.45542	8.17742	20.5364	-4.56436	-1.61438	0.0682163	0.0941725	0.1456	0.204659	2.6567	0.0407121
L	1477010451700000	7.92445	20.5903	-4.68453	-1.56237	7.9377	20.4546	-4.53695	-1.73122	0.0680285	0.0944615	0.145611	0.204472	0.148522	0.0407121
R	1477010451750000	7.69111	20.5096	-4.65313	-1.66781	7.72008	20.3712	-4.48753	-1.85302	0.0678701	0.094769	0.145732	0.204368	0.148522	3.37455
L	1477010451800000	7.45939	20.4237	-4.61975	-1.7717	7.42942	20.3059	-4.53307	-1.93327	0.0677156	0.0949144	0.145466	0.204152	3.95173	3.37455
R	1477010451850000	7.22939	20.3326	-4.58448	-1.87399	7.20268	20.2076	-4.48288	-2.03851	0.0675548	0.0951096	0.145257	0.20395	3.95173	0.287616
L	1477010451900000	7.00119	20.2364	-4.54738	-1.97462	6.94355	20.1223	-4.48329	-2.12616	0.0675034	0.0952258	0.144929	0.203695	1.1711	0.287616
R	1477010451950000	6.7749	20.1352	-4.50854	-2.07357	6.72421	20.0277	-4.42844	-2.20446	0.0674216	0.0952983	0.14465	0.203363	1.1711	0.657597
L	1477010452000000	6.55059	20.0292	-4.46805	-2.17079	6.47698	19.935	-4.41579	-2.28529	0.0674573	0.095292	0.144302	0.202979	0.794502	0.657597
R	1477010452050000	6.32834	19.9183	-4.42598	-2.26625	6.26479	19.8395	-4.35831	-2.35538	0.0674365	0.095209	0.143992	0.202528	0.794502	2.95744
L	1477010452100000	6.10823	19.8027	-4.38241	-2.35993	6.00538	19.744	-4.36583	-2.42515	0.0676804	0.0950478	0.143603	0.202031	1.62838	2.95744
R	1477010452150000	5.89034	19.6824	-4.33744	-2.45178	5.78095	19.6023	-4.31268	-2.56804	0.0679762	0.094973	0.143224	0.201664	1.62838	1.67903
L	1477010452200000	5.67472	19.5577	-4.29114	-2.5418	5.58917	19.4834	-4.22713	-2.65238	0.0680834	0.0948731	0.142914	0.201282	0.986169	1.67903
R	1477010452250000	5.46145	19.4284	-4.24359	-2.62995	5.38833	19.3362	-4.14634	-2.77101	0.0681115	0.0948594	0.142708	0.201007	0.986169	1.52968
L	1477010452300000	5.25059	19.2948	-4.19488	-2.71622	5.17117	19.2342	-4.11117	-2.81655	0.0681769	0.0947095	0.142457	0.200603	2.23347	1.52968
R	1477010452350000	5.04219	19.157	-4.1451	-2.80059	4.98131	19.1183	-4.0343	-2.85267	0.0681401	0.0944994	0.142308	0.200105	2.23347	4.86235
L	1477010452400000	4.8363	19.015	-4.09432	-2.88305	4.8047	18.9708	-3.93586	-2.94764	0.0679985	0.0943037	0.142398	0.19963	0.429261	4.86235
R	1477010452450000	4.63297	18.8689	-4.04263	-2.96359	4.59949	18.8221	-3.88162	-3.04599	0.0678628	0.0941164	0.142502	0.199194	0.429261	1.47998
L	1477010452500000	4.43224	18.7188	-3.99012	-3.0422	4.41467	18.6912	-3.81038	-3.10383	0.0676968	0.093891	0.142722	0.198722	1.20188	1.47998
R	1477010452550000	4.23416	18.5648	-3.93685	-3.11888	4.23341	18.5465	-3.73103	-3.15283	0.0675203	0.0936555	0.143123	0.198219	1.20188	1.55672
L	1477010452600000	4.03876	18.4071	-3.88293	-3.19362	4.09237	18.3939	-3.60311	-3.22643	0.0674557	0.0934174	0.144166	0.197718	1.98396	1.55672
R	1477010452650000	3.84606	18.2457	-3.82841	-3.26644	3.90601	18.227	-3.5421	-3.35308	0.0674191	0.093186	0.145256	0.197306	1.98396	7.12669
L	1477010452700000	3.65611	18.0807	-3.77339	-3.33732	3.66714	18.0831	-3.56128	-3.40262	0.0672507	0.0929469	0.145677	0.196855	2.92015	7.12669
R	1477010452750000	3.46891	17.9122	-3.71795	-3.40627	3.50478	17.9289	-3.47047	-3.43559	0.0671278	0.0927172	0.146376	0.196364	2.92015	3.45679
L	1477010452800000	3.28449	17.7402	-3.66215	-3.47331	3.28697	17.7613	-3.45981	-3.50396	0.0669575	0.0924937	0.146714	0.195877	1.49811	3.45679
R	1477010452850000	3.10287	17.565	-3.60609	-3.53844	3.1083	17.5812	-3.39317	-3.60478	0.0667893	0.092267	0.147123	0.195438	1.49811	2.40672
L	1477010452900000	2.92405	17.3866	-3.54982	-3.60167	2.92831	17.4608	-3.35675	-3.59912	0.0666219	0.0921849	0.14739	0.194947	6.56109	2.40672
R	1477010452950000	2.74805	17.2051	-3.49344	-3.66302	2.77733	17.2522	-3.24726	-3.73718	0.0664874	0.0920145	0.148048	0.19453	6.56109	3.11861
L	1477010453000000	2.57486	17.0205	-3.437	-3.72251	2.60206	17.0688	-3.18759	-3.80142	0.0663495	0.0918484	0.148723	0.194125	0.150319	3.11861
R	1477010453050000	2.4045	16.833	-3.38059	-3.78014	2.44384	16.8972	-3.11279	-3.81362	0.066243	0.0917318	0.149547	0.193658	0.150319	1.99134
L	1477010453100000	2.23695	16.6427	-3.32428	-3.83595	2.27803	16.7248	-3.05661	-3.85421	0.0661425	0.0916865	0.150356	0.193185	0.660178	1.99134
R	1477010453150000	2.07221	16.4497	-3.26812	-3.88995	2.11298	16.5268	-2.99369	-3.9	0.0660419	0.0916207	0.151213	0.192712	0.660178	5.18281
L	1477010453200000	1.91027	16.254	-3.21219	-3.94216	1.95426	16.3	-2.91585	-3.99872	0.0659522	0.0914536	0.152257	0.192282	2.16309	5.18281
R	1477010453250000	1.75112	16.0557	-3.15656	-3.99261	1.80526	16.1197	-2.84861	-4.0089	0.0658999	0.0913404	0.153395	0.191818	2.16309	1.40369
L	1477010453300000	1.59474	15.8549	-3.10129	-4.04132	1.60952	15.9479	-2.86038	-4.02752	0.0657486	0.0913483	0.153937	0.191356	2.58885	1.40369
R	1477010453350000	1.44111	15.6517	-3.04644	-4.08832	1.4772	15.7233	-2.7585	-4.13354	0.0656381	0.0912634	0.154859	0.190922	2.58885	1.52793
L	1477010453400000	1.29021	15.4463	-2.99207	-4.13364	1.30659	15.5071	-2.72424	-4.1973	0.0654906	0.0911418	0.155595	0.190515	1.16215	1.52793
R	1477010453450000	1.14201	15.2386	-2.93825	-4.1773	1.15993	15.312	-2.66696	-4.21934	0.0653462	0.0910654	0.156349	0.190083	1.16215	1.26237
L	1477010453500000	0.996486	15.0288	-2.88503	-4.21933	0.958401	15.0943	-2.69024	-4.27391	0.0652439	0.0909613	0.156553	0.18967	3.56112	1.26237
R	1477010453550000	0.853604	14.8169	-2.83246	-4.25977	0.823912	14.909	-2.62671	-4.25857	0.0651218	0.0909667	0.156822	0.189222	3.56112	2.9927
L	1477010453600000	0.71333	14.603	-2.78061	-4.29864	0.704502	14.6954	-2.53427	-4.30523	0.0649715	0.0909735	0.157361	0.188778	0.0663685	2.9927
R	1477010453650000	0.575628	14.3872	-2.72952	-4.33598	0.589425	14.4596	-2.43185	-4.39165	0.0648264	0.0908954	0.158306	0.188374	0.0663685	1.25673
L	1477010453700000	0.440459	14.1696	-2.67925	-4.37181	0.4189	14.2384	-2.42906	-4.43551	0.0646922	0.0908052	0.158857	0.187986	1.64909	1.25673
R	1477010453750000	0.307779	13.9502	-2.62984	-4.40617	0.296618	13.9934	-2.34071	-4.54048	0.0645467	0.0906424	0.159705	0.187773	1.64909	3.16665
L	1477010453800000	0.177545	13.7292	-2.58135	-4.43909	0.249872	13.7492	-2.14234	-4.60169	0.0645847	0.0904435	0.162099	0.187665	2.80676	3.16665
R	1477010453850000	0.0497099	13.5065	-2.53381	-4.47061	0.145067	13.5093	-2.04643	-4.6757	0.0647593	0.090236	0.165062	0.187748	2.80676	1.31092
L	1477010453900000	-0.0757753	13.2823	-2.48728	-4.50075	-0.0119803	13.2801	-2.04764	-4.71013	0.0647549	0.0900298	0.167342	0.187853	1.86882	1.31092
R	1477010453950000	-0.198962	13.0566	-2.44179	-4.52955	-0.12304	13.0588	-1.98381	-4.71225	0.06481	0.0898251	0.169793	0.187829	1.86882	0.963879
L	1477010454000000	-0.319903	12.8295	-2.39739	-4.55704	-0.157094	12.8331	-1.79887	-4.7336	0.0655841	0.089622	0.174127	0.18778	2.87014	0.963879
R	1477010454050000	-0.438654	12.6011	-2.35412	-4.58326	-0.267775	12.6046	-1.751	-4.73084	0.0664337	0.0894202	0.178387	0.187618	2.87014	3.55005
L	1477010454100000	-0.555273	12.3714	-2.31202	-4.60823	-0.382968	12.3685	-1.71078	-4.76278	0.0672813	0.0892197	0.182484	0.187483	0.513746	3.55005
R	1477010454150000	-0.669818	12.1404	-2.27111	-4.63198	-0.494808	12.1565	-1.6809	-4.74458	0.0681418	0.0890268	0.186298	0.187215	0.513746	4.19126
L	1477010454200000	-0.78235	11.9083	-2.23144	-4.65456	-0.579494	11.9349	-1.60638	-4.755	0.0693221	0.0888464	0.190497	0.186919	0.553321	4.19126
R	1477010454250000	-0.892931	11.6751	-2.19304	-4.67598	-0.691326	11.7058	-1.58264	-4.75791	0.0704566	0.0886731	0.194363	0.186584	0.553321	3.35173
L	1477010454300000	-1.00163	11.4409	-2.15594	-4.69628	-0.865112	11.4618	-1.65856	-4.79066	0.0708828	0.0884884	0.196724	0.186278	5.70015	3.35173
R	1477010454350000	-1.1085	11.2057	-2.12017	-4.71549	-0.955106	11.2342	-1.60972	-4.76336	0.071453	0.0883144	0.199182	0.185896	5.70015	3.96997
L	1477010454400000	-1.21362	10.9695	-2.08575	-4.73364	-1.12004	11.0043	-1.68129	-4.77487	0.0715646	0.0881514	0.200536	0.18551	4.43396	3.96997
R	1477010454450000	-1.31706	10.7324	-2.05273	-4.75075	-1.20327	10.7632	-1.61244	-4.81221	0.071802	0.0879829	0.202195	0.185151	4.43396	0.618859
L	1477010454500000	-1.41889	10.4945	-2.02111	-4.76686	-1.33258	10.5094	-1.62575	-4.84753	0.0718711	0.0877977	0.203426	0.184826	1.97474	0.618859
R	1477010454550000	-1.51917	10.2559	-1.99093	-4.78198	-1.41882	10.2526	-1.5657	-4.89468	0.072018	0.0876085	0.204898	0.184575	1.97474	1.16967
L	1477010454600000	-1.61797	10.0165	-1.96221	-4.79615	-1.52489	10.0386	-1.55509	-4.87936	0.0721215	0.0874324	0.206191	0.184259	2.545	1.16967
R	1477010454650000	-1.71539	9.77637	-1.93498	-4.80939	-1.60829	9.80944	-1.5119	-4.86558	0.072307	0.0872722	0.2076	0.183902	2.545	0.869899
L	1477010454700000	-1.81147	9.53564	-1.90924	-4.82172	-1.69426	9.5857	-1.4737	-4.86172	0.072557	0.0871475	0.209097	0.183529	0.928942	0.869899
R	1477010454750000	-1.90631	9.29431	-1.88502	-4.83316	-1.79735	9.33894	-1.46147	-4.89151	0.0727497	0.0870111	0.210467	0.183179	0.928942	3.04353
L	1477010454800000	-1.99998	9.05243	-1.86233	-4.84374	-1.88537	9.05026	-1.42207	-4.95854	0.0729768	0.0868275	0.211961	0.182944	4.19217	3.04353
R	1477010454850000	-2.09256	8.81003	-1.8412	-4.85347	-1.96658	8.82636	-1.39501	-4.925	0.0732797	0.0866514	0.213483	0.182618	4.19217	2.30079
L	1477010454900000	-2.18412	8.56717	-1.82164	-4.86238	-2.06681	8.57404	-1.39075	-4.94773	0.0735189	0.086471	0.214852	0.182319	0.750381	2.30079
R	1477010454950000	-2.27474	8.32388	-1.80365	-4.87047	-2.18337	8.3248	-1.42124	-4.95536	0.0736022	0.0862907	0.21582	0.182022	0.750381	4.20062
L	1477010455000000	-2.3645	8.0802	-1.78726	-4.87778	-2.24518	8.08739	-1.35788	-4.95774	0.0738504	0.0861128	0.217141	0.181717	0.265079	4.20062
R	1477010455050000	-2.45348	7.83617	-1.77248	-4.8843	-2.31191	7.87231	-1.31743	-4.92031	0.0742575	0.085966	0.218657	0.181356	0.265079	5.60468
L	1477010455100000	-2.54177	7.59184	-1.75931	-4.89006	-2.42364	7.6213	-1.34558	-4.9401	0.074491	0.0858098	0.219815	0.181011	1.71315	5.60468
R	1477010455150000	-2.62944	7.34723	-1.74777	-4.89507	-2.56811	7.38952	-1.45179	-4.8957	0.0744418	0.0856766	0.220181	0.180639	1.71315	8.90611
L	1477010455200000	-2.71658	7.10238	-1.73786	-4.89933	-2.67327	7.13217	-1.46822	-4.92072	0.0743412	0.0855227	0.220405	0.180275	1.12964	8.90611
R	1477010455250000	-2.80326	6.85734	-1.72958	-4.90286	-2.74519	6.89866	-1.43165	-4.91661	0.0742823	0.0853894	0.220776	0.179911	1.12964	1.17245
L	1477010455300000	-2.88957	6.61214	-1.72295	-4.90566	-2.80007	6.68321	-1.3712	-4.89182	0.0743502	0.0853362	0.221462	0.179548	1.94536	1.17245
R	1477010455350000	-2.97559	6.36681	-1.71797	-4.90774	-2.86908	6.45757	-1.3609	-4.84446	0.0745077	0.0853588	0.222175	0.179231	1.94536	4.96623
L	1477010455400000	-3.0614	6.12139	-1.71464	-4.90911	-2.92963	6.2176	-1.3165	-4.85072	0.0748254	0.0854052	0.223159	0.178909	0.0496604	4.96623
R	1477010455450000	-3.14709	5.87592	-1.71297	-4.90976	-3.04536	5.97414	-1.37076	-4.85615	0.0749523	0.0854602	0.223762	0.178583	0.0496604	4.52053
L	1477010455500000	-3.23274	5.63043	-1.71295	-4.9097	-3.12695	5.70245	-1.36144	-4.89868	0.0751002	0.0854109	0.224415	0.178228	1.67167	4.52053
R	1477010455550000	-3.31843	5.38496	-1.71458	-4.90893	-3.23413	5.45632	-1.42356	-4.87764	0.075139	0.0853597	0.224718	0.177885	1.67167	4.05182
L	1477010455600000	-3.40424	5.13955	-1.71787	-4.90745	-3.32763	5.19606	-1.43624	-4.90486	0.0751449	0.0852648	0.224972	0.177533	1.00709	4.05182
R	1477010455650000	-3.49026	4.89422	-1.72281	-4.90525	-3.40495	4.95054	-1.42566	-4.90929	0.0751876	0.0851702	0.225301	0.177184	1.00709	0.0453795
L	1477010455700000	-3.57657	4.64902	-1.72939	-4.90233	-3.51333	4.67736	-1.46384	-4.95103	0.0751445	0.0850215	0.225473	0.176862	3.02363	0.0453795
R	1477010455750000	-3.66325	4.40398	-1.73763	-4.89868	-3.62406	4.42451	-1.53827	-4.93523	0.0750375	0.084865	0.225377	0.176531	3.02363	4.04842
L	1477010455800000	-3.75039	4.15913	-1.74749	-4.8943	-3.74885	4.15769	-1.60194	-4.96636	0.0748915	0.0846998	0.225121	0.176245	4.04551	4.04842
R	1477010455850000	-3.83806	3.91452	-1.75899	-4.88918	-3.84083	3.91551	-1.61036	-4.96262	0.0747464	0.0845355	0.224875	0.175962	4.04551	1.03237
L	1477010455900000	-3.92635	3.67019	-1.77212	-4.8833	-3.91494	3.67953	-1.58911	-4.95089	0.0746053	0.0843742	0.224728	0.175673	0.332925	1.03237
R	1477010455950000	-4.01533	3.42616	-1.78686	-4.87666	-4.0228	3.46488	-1.65478	-4.89383	0.0744632	0.084246	0.224445	0.175338	0.332925	5.59093
L	1477010456000000	-4.10509	3.18248	-1.8032	-4.86925	-4.11197	3.22031	-1.6587	-4.89636	0.0743216	0.0841171	0.224193	0.17501	0.0798995	5.59093
R	1477010456050000	-4.19571	2.93919	-1.82113	-4.86104	-4.23071	2.96443	-1.73866	-4.89726	0.0742111	0.0839709	0.223823	0.17469	0.0798995	2.29405
L	1477010456100000	-4.28727	2.69633	-1.84065	-4.85202	-4.3172	2.69541	-1.73576	-4.92949	0.0740929	0.0838111	0.223491	0.174423	1.09378	2.29405
R	1477010456150000	-4.37985	2.45393	-1.86173	-4.84218	-4.41049	2.4441	-1.75103	-4.93367	0.0739765	0.0836544	0.223171	0.174183	1.09378	0.154321
L	1477010456200000	-4.47352	2.21205	-1.88436	-4.83149	-4.51241	2.18387	-1.77111	-4.95356	0.0738754	0.0835143	0.222858	0.174016	0.938202	0.154321
R	1477010456250000	-4.56836	1.97072	-1.90853	-4.81994	-4.62395	1.94326	-1.85579	-4.92618	0.0738151	0.0833742	0.222463	0.17381	0.938202	5.69352
L	1477010456300000	-4.66444	1.72998	-1.93422	-4.80751	-4.73499	1.67662	-1.88668	-4.95366	0.0738032	0.083282	0.222065	0.173715	1.92524	5.69352
R	1477010456350000	-4.76186	1.48989	-1.9614	-4.79417	-4.86024	1.42325	-1.97292	-4.9503	0.0739101	0.0832261	0.221651	0.173653	1.92524	2.11584
L	1477010456400000	-4.86066	1.25049	-1.99007	-4.7799	-4.92093	1.18564	-1.92775	-4.93065	0.073864	0.0831653	0.221271	0.173573	3.77265	2.11584
R	1477010456450000	-4.96095	1.01182	-2.02019	-4.76468	-5.02114	0.960578	-1.95099	-4.89535	0.0738181	0.0830697	0.220901	0.173434	3.77265	1.1834
L	1477010456500000	-5.06277	0.77393	-2.05174	-4.74848	-5.08422	0.725444	-1.91251	-4.87595	0.0736933	0.0829686	0.220656	0.173287	3.17746	1.1834
R	1477010456550000	-5.16621	0.536876	-2.08471	-4.73127	-5.17801	0.43854	-1.93236	-4.93268	0.0735612	0.0830303	0.220443	0.173398	3.17746	5.06096
L	1477010456600000	-5.27133	0.300706	-2.11906	-4.71303	-5.2546	0.197567	-1.91362	-4.92021	0.0734333	0.0831128	0.22039	0.173534	1.05996	5.06096
R	1477010456650000	-5.3782	0.0654719	-2.15477	-4.69374	-5.36554	-0.0436993	-1.9286	-4.91165	0.0733032	0.0832227	0.220412	0.173717	1.05996	30.4114
L	1477010456700000	-5.4869	-0.168772	-2.1918	-4.67335	-5.44036	-0.281748	-1.90743	-4.89714	0.0732236	0.0833502	0.220678	0.173925	1.24782	30.4114
R	1477010456750000	-5.59748	-0.401971	-2.23014	-4.65185	-5.55883	-0.479625	-1.96951	-4.82542	0.0731278	0.0833302	0.220835	0.173924	1.24782	4.91127
L	1477010456800000	-5.71001	-0.634069	-2.26974	-4.62919	-5.69412	-0.673901	-2.04254	-4.75116	0.0730019	0.0832141	0.220859	0.173764	4.17665	4.91127
R	1477010456850000	-5.82456	-0.865006	-2.31058	-4.60536	-5.80455	-0.90789	-2.10838	-4.74216	0.0728804	0.0831041	0.220795	0.173645	4.17665	6.27939
L	1477010456900000	-5.94118	-1.09472	-2.35262	-4.58032	-5.9022	-1.16423	-2.10953	-4.76367	0.0727871	0.0830594	0.220878	0.173681	0.608776	6.27939
R	1477010456950000	-6.05993	-1.32316	-2.39581	-4.55404	-5.99278	-1.42505	-2.10587	-4.79224	0.0727677	0.0831342	0.221163	0.173954	0.608776	2.0958
L	1477010457000000	-6.18087	-1.55025	-2.44014	-4.52648	-6.12945	-1.63621	-2.17314	-4.74104	0.0727029	0.0831444	0.221343	0.174115	1.98275	2.0958
R	1477010457050000	-6.30406	-1.77593	-2.48555	-4.49762	-6.26476	-1.87891	-2.27843	-4.74703	0.0726116	0.0832231	0.221295	0.17444	1.98275	5.63697
L	1477010457100000	-6.42954	-2.00014	-2.532	-4.46742	-6.37247	-2.12024	-2.29026	-4.74347	0.0725625	0.0833822	0.22137	0.174903	0.0717627	5.63697
R	1477010457150000	-6.55738	-2.22281	-2.57946	-4.43585	-6.52001	-2.33314	-2.36982	-4.69299	0.0724686	0.0834923	0.22133	0.17526	0.0717627	4.10343
L	1477010457200000	-6.68761	-2.44386	-2.62788	-4.40288	-6.66719	-2.54368	-2.4412	-4.64019	0.0723514	0.0835552	0.221218	0.175516	1.38826	4.10343
R	1477010457250000	-6.82029	-2.66323	-2.6772	-4.36847	-6.8179	-2.76473	-2.52492	-4.60821	0.072225	0.0836246	0.221014	0.175781	1.38826	2.19217
L	1477010457300000	-6.95546	-2.88084	-2.7274	-4.3326	-6.91804	-3.01642	-2.50996	-4.62984	0.0721329	0.0838615	0.221002	0.17635	1.15475	2.19217
R	1477010457350000	-7.09316	-3.09663	-2.7784	-4.29523	-7.04736	-3.24238	-2.53912	-4.60548	0.0720581	0.0841552	0.221068	0.17699	1.15475	0.169953
L	1477010457400000	-7.23344	-3.3105	-2.83017	-4.25632	-7.17331	-3.43974	-2.57399	-4.54338	0.0720202	0.0843527	0.221199	0.177489	1.74493	0.169953
R	1477010457450000	-7.37632	-3.5224	-2.88265	-4.21586	-7.319	-3.68446	-2.62306	-4.55069	0.0719747	0.0847432	0.221343	0.17827	1.74493	4.3936
L	1477010457500000	-7.52184	-3.73223	-2.93579	-4.1738	-7.47296	-3.83887	-2.70397	-4.42318	0.071908	0.0848281	0.22138	0.178563	6.5377	4.3936
R	1477010457550000	-7.67004	-3.93992	-2.98953	-4.13012	-7.61388	-4.05364	-2.75476	-4.39792	0.07186	0.0849438	0.221427	0.178944	6.5377	0.741291
L	1477010457600000	-7.82094	-4.14538	-3.04381	-4.08479	-7.77295	-4.27218	-2.81659	-4.37032	0.071792	0.0851217	0.221447	0.179416	0.640777	0.741291
R	1477010457650000	-7.97457	-4.34854	-3.09857	-4.03778	-7.9222	-4.49271	-2.86173	-4.35081	0.0717349	0.0853917	0.221501	0.180038	0.640777	0.39856
L	1477010457700000	-8.13095	-4.5493	-3.15376	-3.98906	-8.0894	-4.71859	-2.9259	-4.33427	0.071654	0.0858148	0.221523	0.180853	1.26988	0.39856
R	1477010457750000	-8.2901	-4.74759	-3.2093	-3.93862	-8.23218	-4.92374	-2.93028	-4.28428	0.0716121	0.0862793	0.221742	0.181662	1.26988	2.41436
L	1477010457800000	-8.45204	-4.94331	-3.26514	-3.88641	-8.37325	-5.13359	-2.95549	-4.2582	0.0716375	0.0868388	0.222097	0.182635	0.112261	2.41436
R	1477010457850000	-8.61678	-5.13637	-3.32121	-3.83242	-8.51922	-5.31028	-2.9718	-4.17454	0.0717401	0.0872764	0.222646	0.183402	0.112261	4.58582
L	1477010457900000	-8.78433	-5.32669	-3.37745	-3.77663	-8.71147	-5.50666	-3.06712	-4.12097	0.0717439	0.0877497	0.222997	0.184175	2.22467	4.58582
R	1477010457950000	-8.95469	-5.51417	-3.43377	-3.71901	-8.86967	-5.70644	-3.10086	-4.0819	0.0717922	0.0883039	0.223453	0.185057	2.22467	0.489309
L	1477010458000000	-9.12788	-5.69872	-3.49012	-3.65955	-9.03219	-5.88939	-3.14928	-4.0246	0.0718848	0.0888395	0.223945	0.185944	0.413588	0.489309
R	1477010458050000	-9.30388	-5.88026	-3.54643	-3.59823	-9.17185	-6.05461	-3.14484	-3.94167	0.0721667	0.0892579	0.224765	0.186685	0.413588	6.97984
L	1477010458100000	-9.4827	-6.05868	-3.60261	-3.53503	-9.34759	-6.17117	-3.21965	-3.79651	0.0724645	0.0893445	0.225469	0.186981	6.63657	6.97984
R	1477010458150000	-9.66432	-6.23389	-3.6586	-3.46994	-9.51945	-6.35821	-3.26579	-3.75648	0.0728207	0.089482	0.226223	0.187395	6.63657	0.995113
L	1477010458200000	-9.84874	-6.4058	-3.71431	-3.40295	-9.67254	-6.55091	-3.28606	-3.73652	0.0733979	0.0897207	0.227179	0.18806	0.127062	0.995113
R	1477010458250000	-10.0359	-6.57431	-3.76969	-3.33404	-9.88147	-6.72302	-3.3981	-3.67769	0.0738081	0.0899765	0.2278	0.188778	0.127062	7.39336
L	1477010458300000	-10.2259	-6.73933	-3.82463	-3.26321	-10.0865	-6.88289	-3.48644	-3.59672	0.0741157	0.0902027	0.228246	0.189429	1.21371	7.39336
R	1477010458350000	-10.4186	-6.90075	-3.87907	-3.19046	-10.2657	-7.05169	-3.54024	-3.54775	0.0745065	0.0904659	0.228692	0.190213	1.21371	1.28502
L	1477010458400000	-10.614	-7.05849	-3.93293	-3.11577	-10.4965	-7.22321	-3.65172	-3.47969	0.0746852	0.0908041	0.228881	0.191031	3.94021	1.28502
R	1477010458450000	-10.8121	-7.21245	-3.98613	-3.03916	-10.6933	-7.37704	-3.71852	-3.40747	0.0748694	0.0911383	0.229017	0.191866	3.94021	2.49827
L	1477010458500000	-11.0128	-7.36252	-4.03859	-2.96062	-10.9395	-7.53178	-3.84121	-3.31533	0.0748644	0.0914964	0.228922	0.19261	4.33015	2.49827
R	1477010458550000	-11.2161	-7.50862	-4.09021	-2.88015	-11.124	-7.68156	-3.86628	-3.24361	0.0749261	0.0918729	0.228906	0.193399	4.33015	1.37715
L	1477010458600000	-11.422	-7.65064	-4.14093	-2.79777	-11.2878	-7.82184	-3.86996	-3.17743	0.0751901	0.0922351	0.229053	0.194279	2.99824	1.37715
R	1477010458650000	-11.6304	-7.78849	-4.19066	-2.71349	-11.4782	-7.9592	-3.90269	-3.09687	0.0755599	0.0925906	0.229265	0.195172	2.99824	2.19961
L	1477010458700000	-11.8413	-7.92208	-4.23932	-2.6273	-11.6651	-8.06133	-3.93705	-2.97576	0.0760899	0.0927759	0.229533	0.195849	4.00945	2.19961
R	1477010458750000	-12.0546	-8.05131	-4.28682	-2.53924	-11.8549	-8.18654	-3.94544	-2.87812	0.0767949	0.0929408	0.229973	0.196466	4.00945	2.48387
L	1477010458800000	-12.2702	-8.17609	-4.33309	-2.44932	-12.0736	-8.27677	-4.01575	-2.73993	0.0774641	0.0929662	0.230301	0.196833	2.04366	2.48387
R	1477010458850000	-12.4881	-8.29633	-4.37802	-2.35756	-12.2913	-8.41126	-4.09797	-2.68913	0.0781252	0.0930434	0.230474	0.197401	2.04366	2.69878
L	1477010458900000	-12.7082	-8.41193	-4.42156	-2.26399	-12.5008	-8.48869	-4.14575	-2.54648	0.0788622	0.0929969	0.23063	0.197725	3.14563	2.69878
R	1477010458950000	-12.9304	-8.5228	-4.4636	-2.16863	-12.7007	-8.59052	-4.15466	-2.43768	0.0797796	0.0929286	0.230916	0.197988	3.14563	2.46619
L	1477010459000000	-13.1547	-8.62886	-4.50407	-2.07151	-12.979	-8.67471	-4.28067	-2.2881	0.0802569	0.092819	0.230893	0.198049	5.38067	2.46619
R	1477010459050000	-13.381	-8.73002	-4.54289	-1.97267	-13.2175	-8.78533	-4.35762	-2.21049	0.0806487	0.092726	0.230765	0.198185	5.38067	3.00535
L	1477010459100000	-13.6092	-8.82619	-4.57997	-1.87214	-13.4457	-8.82845	-4.40701	-2.03475	0.0810362	0.0925824	0.230609	0.198084	3.71483	3.00535
R	1477010459150000	-13.8392	-8.91729	-4.61524	-1.76997	-13.6535	-8.89314	-4.3995	-1.89227	0.0815663	0.0924492	0.230564	0.197895	3.71483	5.07581
L	1477010459200000	-14.0709	-9.00324	-4.64861	-1.6662	-13.8943	-8.98025	-4.45708	-1.79516	0.0820279	0.0923157	0.230454	0.19772	0.553454	5.07581
R	1477010459250000	-14.3043	-9.08395	-4.68001	-1.56086	-14.1375	-9.0754	-4.53563	-1.73228	0.0824215	0.0921752	0.23024	0.197645	0.553454	2.72026
L	1477010459300000	-14.5391	-9.15936	-4.70936	-1.45402	-14.3737	-9.16246	-4.5769	-1.64962	0.0828024	0.0920343	0.230004	0.197638	0.179265	2.72026
R	1477010459350000	-14.7754	-9.22939	-4.73658	-1.34573	-14.5996	-9.24043	-4.59425	-1.55875	0.083244	0.0918959	0.229787	0.197687	0.179265	0.229879
L	1477010459400000	-15.013	-9.29397	-4.76161	-1.23603	-14.8833	-9.24229	-4.68358	-1.33519	0.0834243	0.0918004	0.229478	0.197462	4.24393	0.229879
R	1477010459450000	-15.2517	-9.35302	-4.78436	-1.125	-15.1357	-9.32033	-4.73094	-1.25702	0.0835422	0.0916788	0.229149	0.197296	4.24393	4.25902
L	1477010459500000	-15.4916	-9.40649	-4.80476	-1.01269	-15.4105	-9.40703	-4.79973	-1.18896	0.0835349	0.0915403	0.228803	0.197236	4.7156	4.25902
R	1477010459550000	-15.7324	-9.45431	-4.82275	-0.899159	-15.6504	-9.449	-4.7986	-1.05624	0.0835303	0.0914028	0.228462	0.197128	4.7156	2.24347
L	1477010459600000	-15.9741	-9.49642	-4.83827	-0.784484	-15.9168	-9.51165	-4.84928	-0.969772	0.0834638	0.0912692	0.228119	0.197093	1.85238	2.24347
R	1477010459650000	-16.2164	-9.53277	-4.85124	-0.668734	-16.1639	-9.53421	-4.85745	-0.824881	0.0833882	0.0911325	0.227778	0.196983	1.85238	2.7588
L	1477010459700000	-16.4594	-9.5633	-4.8616	-0.55198	-16.4202	-9.52482	-4.88421	-0.644202	0.0832912	0.0910207	0.227441	0.196754	1.39383	2.7588
R	1477010459750000	-16.7027	-9.58797	-4.8693	-0.434301	-16.6383	-9.53457	-4.85093	-0.512106	0.0832415	0.0909318	0.227105	0.196506	1.39383	5.50183
L	1477010459800000	-16.9464	-9.60673	-4.87427	-0.315773	-16.9236	-9.51594	-4.90367	-0.324812	0.0831273	0.0909314	0.226773	0.196215	2.4408	5.50183
R	1477010459850000	-17.1903	-9.61954	-4.87646	-0.196479	-17.1752	-9.56662	-4.93084	-0.281812	0.0830083	0.0908424	0.226457	0.19598	2.4408	7.02561
L	1477010459900000	-17.4342	-9.62636	-4.87583	-0.0765024	-17.4408	-9.57136	-4.95632	-0.158622	0.0828865	0.0907575	0.226165	0.195741	0.568205	7.02561
R	1477010459950000	-17.6781	-9.62717	-4.87232	0.0440703	-17.6959	-9.56837	-4.95397	-0.0280022	0.0827702	0.09068	0.225875	0.195492	0.568205	1.85958
L	1477010460000000	-17.9216	-9.62194	-4.86588	0.165151	-17.9545	-9.53127	-4.9601	0.141637	0.0826679	0.0906799	0.225602	0.19521	0.716462	1.85958
R	1477010460050000	-18.1648	-9.61064	-4.85648	0.286648	-18.1969	-9.50389	-4.93124	0.288781	0.0825652	0.0907311	0.225308	0.194924	0.716462	1.06835
L	1477010460100000	-18.4074	-9.59325	-4.84408	0.40847	-18.4128	-9.5235	-4.89637	0.329868	0.0824453	0.0906769	0.224997	0.194686	1.48632	1.06835
R	1477010460150000	-18.6493	-9.56977	-4.82864	0.530522	-18.6494	-9.50793	-4.88852	0.423303	0.0823253	0.0906064	0.224693	0.194489	1.48632	1.59442
L	1477010460200000	-18.8904	-9.54017	-4.81012	0.652707	-18.9012	-9.48913	-4.88757	0.524405	0.082208	0.0905167	0.224406	0.194329	0.181429	1.59442
R	1477010460250000	-19.1305	-9.50447	-4.78851	0.774927	-19.1319	-9.45103	-4.8663	0.636654	0.0820891	0.0904315	0.22412	0.194191	0.181429	4.03831
L	1477010460300000	-19.3694	-9.46265	-4.76378	0.897083	-19.3757	-9.34265	-4.83693	0.861746	0.0819715	0.0905305	0.223831	0.19392	3.71019	4.03831
R	1477010460350000	-19.6069	-9.41472	-4.73591	1.01907	-19.6087	-9.27603	-4.78557	1.01327	0.0818537	0.0907055	0.223525	0.193641	3.71019	1.48448
L	1477010460400000	-19.8431	-9.36071	-4.70487	1.1408	-19.8601	-9.15922	-4.75754	1.22981	0.0817414	0.0912153	0.223223	0.193423	2.25494	1.48448
R	1477010460450000	-20.0775	-9.30061	-4.67066	1.26215	-20.0945	-9.06754	-4.71201	1.38955	0.0816297	0.091933	0.222915	0.193266	2.25494	5.45016
L	1477010460500000	-20.3102	-9.23446	-4.63328	1.38303	-20.2857	-9.14552	-4.66921	1.2555	0.0815238	0.0919246	0.222605	0.193111	12.9947	5.45016
R	1477010460550000	-20.5409	-9.16227	-4.59271	1.50334	-20.525	-9.09631	-4.65648	1.3335	0.0814124	0.0918612	0.222315	0.193048	12.9947	1.4628
L	1477010460600000	-20.7696	-9.08409	-4.54895	1.62296	-20.7464	-9.00303	-4.60797	1.47263	0.0813063	0.0918324	0.222022	0.192941	0.811366	1.4628
R	1477010460650000	-20.9959	-8.99994	-4.50202	1.74179	-20.9877	-8.92254	-4.58016	1.58932	0.0811926	0.0917948	0.221747	0.192838	0.811366	2.39196
L	1477010460700000	-21.2198	-8.90987	-4.45191	1.85972	-21.1876	-8.84833	-4.51362	1.67504	0.0810962	0.0917236	0.221458	0.192816	1.46573	2.39196
R	1477010460750000	-21.4412	-8.81393	-4.39865	1.97666	-21.4209	-8.76008	-4.47507	1.78702	0.0809893	0.0916392	0.221184	0.192807	1.46573	1.86417
L	1477010460800000	-21.6597	-8.71217	-4.34224	2.0925	-21.6186	-8.72053	-4.41932	1.80318	0.0809051	0.0915118	0.220912	0.193145	2.09412	1.86417
R	1477010460850000	-21.8754	-8.60465	-4.2827	2.20712	-21.8145	-8.58694	-4.30413	1.97833	0.0808561	0.0913887	0.220606	0.193253	2.09412	7.06066
L	1477010460900000	-22.0881	-8.49143	-4.22007	2.32043	-22.0196	-8.50702	-4.25306	2.04435	0.0808243	0.0912651	0.220306	0.193533	0.330157	7.06066
R	1477010460950000	-22.2975	-8.37258	-4.15437	2.43232	-22.2287	-8.39507	-4.20827	2.14879	0.0807933	0.0911459	0.220018	0.193841	0.330157	1.83251
L	1477010461000000	-22.5035	-8.24817	-4.08564	2.5427	-22.4567	-8.2983	-4.18286	2.22916	0.0807189	0.0910578	0.219772	0.194275	0.989754	1.83251
R	1477010461050000	-22.7061	-8.11829	-4.01391	2.65145	-22.6506	-8.18014	-4.10207	2.33456	0.08066	0.09099	0.219517	0.19472	0.989754	1.15475
L	1477010461100000	-22.9049	-7.98301	-3.93923	2.75848	-22.8797	-7.96671	-4.04244	2.57602	0.0805597	0.0908687	0.219282	0.194687	5.70707	1.15475
R	1477010461150000	-23.1	-7.84243	-3.86163	2.8637	-23.0722	-7.82477	-3.93086	2.70529	0.0804621	0.0907485	0.21901	0.194597	5.70707	4.41468
L	1477010461200000	-23.2911	-7.69663	-3.78118	2.967	-23.2981	-7.65528	-3.88466	2.85607	0.0803527	0.0906499	0.218777	0.194417	2.16568	4.41468
R	1477010461250000	-23.4781	-7.54572	-3.69792	3.06828	-23.4942	-7.51157	-3.83156	2.94426	0.0802472	0.0905436	0.21859	0.194259	2.16568	1.21219
L	1477010461300000	-23.6609	-7.3898	-3.61191	3.16746	-23.664	-7.36355	-3.73439	3.03355	0.080138	0.0904305	0.218385	0.19412	0.783329	1.21219
R	1477010461350000	-23.8393	-7.22897	-3.52321	3.26445	-23.8523	-7.20451	-3.66225	3.13294	0.0800319	0.0903166	0.218209	0.193977	0.783329	0.818525
L	1477010461400000	-24.0132	-7.06336	-3.43189	3.35916	-24.0179	-7.09673	-3.58522	3.14697	0.0799238	0.0902109	0.218059	0.194029	1.92007	0.818525
R	1477010461450000	-24.1825	-6.89307	-3.33801	3.45149	-24.1861	-6.91857	-3.47528	3.26557	0.0798159	0.0900986	0.217881	0.194008	1.92007	2.23857
L	1477010461500000	-24.347	-6.71823	-3.24166	3.54138	-24.3465	-6.68078	-3.34753	3.45376	0.0797083	0.0899981	0.217657	0.193799	3.86806	2.23857
R	1477010461550000	-24.5066	-6.53896	-3.14289	3.62873	-24.5139	-6.50666	-3.23857	3.54754	0.079602	0.0898927	0.217421	0.193585	3.86806	3.75083
L	1477010461600000	-24.6612	-6.35538	-3.0418	3.71347	-24.6207	-6.35486	-3.09309	3.58454	0.0795229	0.0897721	0.217145	0.19344	5.70772	3.75083
R	1477010461650000	-24.8107	-6.16764	-2.93846	3.79553	-24.7611	-6.16556	-2.97108	3.67745	0.079458	0.089652	0.216861	0.193278	5.70772	0.577372
L	1477010461700000	-24.955	-5.97587	-2.83295	3.87484	-24.9408	-5.96495	-2.90617	3.78115	0.0793554	0.0895342	0.216605	0.193081	2.30228	0.577372
R	1477010461750000	-25.094	-5.7802	-2.72537	3.95132	-25.0705	-5.76175	-2.78016	3.87302	0.079259	0.0894201	0.216335	0.192866	2.30228	2.05582
L	1477010461800000	-25.2276	-5.58079	-2.61581	4.02492	-25.2048	-5.58363	-2.68038	3.92256	0.0791625	0.0893016	0.216074	0.192682	0.212844	2.05582
R	1477010461850000	-25.3556	-5.37777	-2.50435	4.09557	-25.3531	-5.39541	-2.61574	3.97702	0.0790578	0.089188	0.215864	0.192524	0.212844	0.916831
L	1477010461900000	-25.4779	-5.1713	-2.39109	4.16322	-25.494	-5.1743	-2.51783	4.0736	0.0789577	0.0890704	0.215677	0.192325	0.604681	0.916831
R	1477010461950000	-25.5946	-4.96152	-2.27613	4.22781	-25.6222	-4.99179	-2.45067	4.10088	0.0788664	0.0889667	0.215579	0.192182	0.604681	6.41696
L	1477010462000000	-25.7055	-4.7486	-2.15956	4.2893	-25.7353	-4.81047	-2.34677	4.12804	0.0787776	0.0889063	0.215509	0.192107	0.539585	6.41696
R	1477010462050000	-25.8105	-4.53268	-2.04149	4.34764	-25.8549	-4.60459	-2.25949	4.18131	0.0787072	0.0888661	0.215516	0.192044	0.539585	0.368351
L	1477010462100000	-25.9096	-4.31392	-1.92202	4.40279	-25.9632	-4.36633	-2.13954	4.27307	0.078652	0.0887904	0.215521	0.191908	0.572641	0.368351
R	1477010462150000	-26.0027	-4.0925	-1.80125	4.45471	-26.0765	-4.14852	-2.00558	4.34007	0.0786398	0.0887208	0.215493	0.191747	0.572641	10.6634
L	1477010462200000	-26.0897	-3.86856	-1.67928	4.50337	-26.1658	-3.87538	-1.85792	4.46024	0.0786334	0.0886062	0.215405	0.19151	2.3394	10.6634
R	1477010462250000	-26.1706	-3.64227	-1.55623	4.54875	-26.2442	-3.64284	-1.68309	4.52529	0.0786208	0.0884913	0.215223	0.191266	2.3394	3.86931
L	1477010462300000	-26.2453	-3.41381	-1.4322	4.59081	-26.2777	-3.37857	-1.47894	4.60741	0.0785364	0.0883951	0.214958	0.19102	5.0672	3.86931
R	1477010462350000	-26.3138	-3.18332	-1.30729	4.62954	-26.3291	-3.13706	-1.29291	4.66109	0.078439	0.0883123	0.214682	0.190781	5.0672	1.25404
L	1477010462400000	-26.376	-2.95098	-1.18162	4.66493	-26.3591	-2.89733	-1.1137	4.69663	0.0783428	0.0882407	0.214434	0.190542	1.79782	1.25404
R	1477010462450000	-26.4319	-2.71697	-1.05529	4.69696	-26.4143	-2.66816	-0.9799	4.72061	0.0782474	0.0881621	0.214192	0.190302	1.79782	1.1926
L	1477010462500000	-26.4815	-2.48143	-0.928411	4.72562	-26.492	-2.49671	-0.913071	4.67511	0.0781491	0.0880527	0.21392	0.190075	5.03274	1.1926
R	1477010462550000	-26.5247	-2.24456	-0.80109	4.75091	-26.5433	-2.26065	-0.799481	4.70199	0.0780549	0.0879441	0.213647	0.189849	5.03274	0.663085
L	1477010462600000	-26.5616	-2.0065	-0.673434	4.77284	-26.5934	-2.0563	-0.69669	4.68788	0.0779721	0.087868	0.213378	0.189655	1.07134	0.663085
R	1477010462650000	-26.5921	-1.76744	-0.545553	4.79141	-26.6216	-1.81901	-0.573431	4.70608	0.0778873	0.0877949	0.213112	0.189463	1.07134	1.90037
L	1477010462700000	-26.6161	-1.52753	-0.417552	4.80664	-26.6205	-1.5721	-0.402472	4.72769	0.0777889	0.0877124	0.212843	0.189265	1.31743	1.90037
R	1477010462750000	-26.6338	-1.28695	-0.289538	4.81852	-26.6203	-1.33823	-0.227115	4.73173	0.0776936	0.0876394	0.212597	0.189076	1.31743	1.97711
L	1477010462800000	-26.6451	-1.04586	-0.161616	4.8271	-26.6242	-1.10996	-0.0889878	4.72531	0.0776028	0.0875881	0.212361	0.188907	0.0909406	1.97711
R	1477010462850000	-26.65	-0.804425	-0.0338883	4.83238	-26.6502	-0.882012	0.0080282	4.72252	0.0775053	0.0875644	0.212104	0.18875	0.0909406	4.91224
L	1477010462900000	-26.6485	-0.562811	0.0935412	4.83439	-26.6593	-0.635938	0.127593	4.7357	0.07741	0.0875312	0.211845	0.188578	0.392543	4.91224
R	1477010462950000	-26.6406	-0.321181	0.220572	4.83317	-26.6483	-0.393611	0.285813	4.73776	0.0773141	0.0874967	0.211605	0.188403	0.392543	2.34929
L	1477010463000000	-26.6264	-0.0796947	0.347104	4.82874	-26.6041	-0.112018	0.472895	4.77286	0.0772257	0.0874024	0.211435	0.188188	2.82237	2.34929
R	1477010463050000	-26.6059	0.161489	0.473041	4.82116	-26.584	0.127288	0.61292	4.76093	0.0771374	0.0873103	0.211287	0.187978	2.82237	1.76961
L	1477010463100000	-26.5792	0.402213	0.598287	4.81045	-26.5596	0.407561	0.751065	4.79441	0.0770479	0.0872023	0.211161	0.187746	1.7684	1.76961
R	1477010463150000	-26.5462	0.642323	0.722748	4.79667	-26.5426	0.643136	0.836802	4.77417	0.0769526	0.0870944	0.210976	0.187517	1.7684	1.57141
L	1477010463200000	-26.5069	0.881666	0.846334	4.77986	-26.5312	0.917013	0.934061	4.80149	0.076867	0.0870045	0.210761	0.187289	3.18986	1.57141
R	1477010463250000	-26.4616	1.12009	0.968955	4.76007	-26.4895	1.16646	1.02153	4.78921	0.0767848	0.0869278	0.210517	0.187063	3.18986	7.79076
L	1477010463300000	-26.4101	1.35745	1.09053	4.73737	-26.4297	1.40868	1.15992	4.76218	0.0766965	0.086858	0.210287	0.186837	0.0606389	7.79076
R	1477010463350000	-26.3526	1.59361	1.21096	4.71181	-26.3894	1.62813	1.23212	4.71546	0.0766242	0.0867684	0.210031	0.186608	0.0606389	8.70577
L	1477010463400000	-26.2891	1.82841	1.33018	4.68345	-26.3301	1.84865	1.34649	4.6656	0.0765573	0.086668	0.209776	0.186382	0.217626	8.70577
R	1477010463450000	-26.2197	2.06173	1.44811	4.65235	-26.2643	2.07914	1.46056	4.62771	0.0764957	0.0865665	0.209521	0.186159	0.217626	0.166459
L	1477010463500000	-26.1444	2.29342	1.56467	4.61859	-26.1978	2.28382	1.56406	4.5598	0.076448	0.0864624	0.209266	0.185955	0.692652	0.166459
R	1477010463550000	-26.0633	2.52336	1.67979	4.58223	-26.1337	2.50988	1.63226	4.52399	0.076434	0.08636	0.209025	0.185751	0.692652	1.59169
L	1477010463600000	-25.9765	2.75141	1.79339	4.54334	-26.0512	2.74964	1.74808	4.49891	0.0764299	0.0862554	0.208784	0.185539	0.192283	1.59169
R	1477010463650000	-25.8841	2.97746	1.90543	4.502	-25.9615	2.97384	1.88222	4.45087	0.0764323	0.0861514	0.208534	0.185332	0.192283	2.20452
L	1477010463700000	-25.7861	3.20139	2.01582	4.45828	-25.8593	3.24133	2.01274	4.45482	0.0764248	0.0860698	0.208283	0.185108	1.82022	2.20452
R	1477010463750000	-25.6826	3.42306	2.12452	4.41227	-25.7771	3.46795	2.09382	4.416	0.0764734	0.0859945	0.208038	0.184886	1.82022	2.3536
L	1477010463800000	-25.5737	3.64239	2.23146	4.36404	-25.6694	3.67659	2.2046	4.34779	0.0765252	0.0859077	0.207793	0.184666	0.09674	2.3536
R	1477010463850000	-25.4596	3.85924	2.3366	4.31367	-25.5547	3.88553	2.31552	4.28087	0.076575	0.0858145	0.207546	0.184452	0.09674	1.01792
L	1477010463900000	-25.3402	4.07353	2.43989	4.26125	-25.4829	4.07647	2.35851	4.21027	0.0768004	0.0857121	0.207337	0.184248	4.04136	1.01792
R	1477010463950000	-25.2157	4.28514	2.54127	4.20686	-25.3611	4.28051	2.46256	4.14333	0.0770359	0.0856103	0.207125	0.184055	4.04136	0.558502
L	1477010464000000	-25.0863	4.49399	2.64071	4.15058	-25.2036	4.49569	2.60991	4.08016	0.0771568	0.0855086	0.206885	0.183868	1.79299	0.558502
R	1477010464050000	-24.9518	4.69998	2.73817	4.09251	-25.0532	4.69163	2.71328	4.00251	0.077223	0.0854082	0.206643	0.183703	1.79299	8.96801
L	1477010464100000	-24.8126	4.90303	2.83361	4.03273	-24.9329	4.88834	2.79006	3.93731	0.0773531	0.0853102	0.206409	0.183544	0.558221	8.96801
R	1477010464150000	-24.6686	5.10304	2.92701	3.97132	-24.7784	5.07979	2.89784	3.85801	0.0774454	0.085217	0.206171	0.18341	0.558221	2.22723
L	1477010464200000	-24.5201	5.29995	3.01833	3.90839	-24.6121	5.2886	3.02151	3.79892	0.0774828	0.0851185	0.205928	0.183271	0.844108	2.22723
R	1477010464250000	-24.367	5.49367	3.10754	3.84401	-24.444	5.4699	3.15338	3.70148	0.0774816	0.0850263	0.205698	0.183186	0.844108	0.792827
L	1477010464300000	-24.2095	5.68414	3.19464	3.77827	-24.2597	5.64522	3.27804	3.59868	0.0774289	0.0849476	0.205497	0.183178	1.13593	0.792827
R	1477010464350000	-24.0477	5.8713	3.27959	3.71127	-24.0945	5.81189	3.38239	3.49351	0.0773714	0.0848969	0.205317	0.183266	1.13593	3.33155
L	1477010464400000	-23.8818	6.05508	3.36239	3.64309	-23.9223	5.9758	3.47329	3.39146	0.077306	0.0848842	0.205147	0.183455	0.0601248	3.33155
R	1477010464450000	-23.7117	6.23542	3.44302	3.57383	-23.7722	6.15575	3.48478	3.34064	0.0772711	0.0848724	0.204918	0.183586	0.0601248	4.68423
L	1477010464500000	-23.5377	6.41227	3.52148	3.50357	-23.6035	6.31392	3.55785	3.24562	0.0772466	0.0849062	0.204688	0.183794	0.129074	4.68423
R	1477010464550000	-23.3598	6.58559	3.59775	3.4324	-23.4516	6.48471	3.58136	3.18825	0.0772836	0.0849466	0.204453	0.183956	0.129074	2.32014
L	1477010464600000	-23.1781	6.75533	3.67185	3.36041	-23.2312	6.69075	3.71334	3.14978	0.0772365	0.0849052	0.204226	0.184022	4.23853	2.32014
R	1477010464650000	-22.9928	6.92146	3.74376	3.28768	-23.0367	6.83292	3.78085	3.04331	0.0771762	0.0849138	0.203998	0.184184	4.23853	5.63236
L	1477010464700000	-22.804	7.08393	3.8135	3.21431	-22.824	7.00123	3.88313	2.96681	0.0770934	0.0849088	0.203791	0.184355	1.03508	5.63236
R	1477010464750000	-22.6117	7.24273	3.88106	3.14038	-22.6152	7.13785	3.97299	2.85131	0.0770052	0.0849599	0.203605	0.184663	1.03508	1.26206
L	1477010464800000	-22.4161	7.39782	3.94647	3.06598	-22.428	7.28507	4.02693	2.76786	0.0769191	0.0850339	0.203408	0.185002	0.383268	1.26206
R	1477010464850000	-22.2173	7.54917	4.00974	2.99118	-22.2044	7.41521	4.14735	2.63881	0.0768337	0.0851776	0.203282	0.185556	0.383268	2.30672
L	1477010464900000	-22.0154	7.69679	4.07087	2.91607	-22.0226	7.57497	4.1838	2.58791	0.0767469	0.085279	0.203122	0.186005	2.3236	2.30672
R	1477010464950000	-21.8105	7.84064	4.12989	2.84074	-21.8373	7.73262	4.18879	2.55175	0.0766704	0.0853375	0.202911	0.186304	2.3236	6.37048
L	1477010465000000	-21.6026	7.98072	4.18681	2.76526	-21.6285	7.87546	4.24748	2.47815	0.0765933	0.085388	0.202701	0.186594	0.253416	6.37048
R	1477010465050000	-21.392	8.11703	4.24166	2.68971	-21.4377	8.00569	4.26229	2.40639	0.0765374	0.0854556	0.202474	0.186869	0.253416	2.07241
L	1477010465100000	-21.1787	8.24957	4.29447	2.61417	-21.2074	8.06137	4.32793	2.21211	0.0764631	0.0858261	0.202252	0.187633	3.71439	2.07241
R	1477010465150000	-20.9628	8.37833	4.34526	2.53871	-21.0143	8.20255	4.30906	2.18723	0.0764159	0.0861344	0.202031	0.188163	3.71439	7.90411
L	1477010465200000	-20.7444	8.50333	4.39406	2.46341	-20.8313	8.34988	4.32199	2.15953	0.0764409	0.0863445	0.201833	0.188502	3.91734	7.90411
R	1477010465250000	-20.5237	8.62457	4.4409	2.38835	-20.5961	8.46051	4.39872	2.06169	0.0764321	0.0865968	0.201616	0.188925	3.91734	3.77689
L	1477010465300000	-20.3006	8.74206	4.48582	2.31358	-20.3491	8.59224	4.47678	2.00191	0.076381	0.0867896	0.201391	0.189289	1.57225	3.77689
R	1477010465350000	-20.0753	8.85583	4.52884	2.23919	-20.1507	8.71222	4.45437	1.9652	0.0763788	0.0869578	0.201197	0.18952	1.57225	3.44781
L	1477010465400000	-19.848	8.96589	4.57001	2.16524	-19.9457	8.81877	4.47367	1.89326	0.0764329	0.087138	0.201024	0.189743	0.838566	3.44781
R	1477010465450000	-19.6186	9.07227	4.60937	2.09179	-19.7469	8.92959	4.44843	1.85517	0.0765872	0.0873006	0.200944	0.18986	0.838566	3.32216
L	1477010465500000	-19.3873	9.17499	4.64694	2.01891	-19.5193	9.00904	4.48801	1.74978	0.0767543	0.0875532	0.200861	0.190073	0.156404	3.32216
R	1477010465550000	-19.1542	9.27409	4.68278	1.94666	-19.2858	9.1111	4.52874	1.68617	0.0769188	0.0877916	0.200769	0.190257	0.156404	4.48382
L	1477010465600000	-18.9193	9.36959	4.71692	1.8751	-19.0033	9.20108	4.62543	1.5943	0.0769351	0.0880514	0.200593	0.190504	5.48309	4.48382
R	1477010465650000	-18.6827	9.46154	4.7494	1.80429	-18.7885	9.28296	4.62982	1.51856	0.0770106	0.0883528	0.200451	0.190766	5.48309	1.87974
L	1477010465700000	-18.4446	9.54996	4.78028	1.73429	-18.5345	9.38452	4.68704	1.46474	0.0770412	0.0885958	0.200278	0.190975	1.06587	1.87974
R	1477010465750000	-18.2049	9.63492	4.80959	1.66514	-18.2754	9.42313	4.76143	1.30163	0.0770274	0.0890526	0.200071	0.191524	1.06587	4.52987
L	1477010465800000	-17.9639	9.71643	4.83737	1.59691	-17.9921	9.54539	4.84628	1.28556	0.0769544	0.0893142	0.199853	0.191868	4.46069	4.52987
R	1477010465850000	-17.7214	9.79457	4.86368	1.52964	-17.7511	9.62497	4.84581	1.23671	0.0768829	0.0895679	0.199636	0.192146	4.46069	3.48783
L	1477010465900000	-17.4777	9.86936	4.88856	1.46338	-17.4788	9.73261	4.90829	1.21301	0.0767991	0.0896977	0.199421	0.192292	2.28732	3.48783
R	1477010465950000	-17.2328	9.94087	4.91205	1.39818	-17.2364	9.80274	4.92384	1.14432	0.0767157	0.0898314	0.199204	0.192447	2.28732	0.698787
L	1477010466000000	-16.9868	10.0091	4.93421	1.33408	-16.9665	9.9245	4.97848	1.1551	0.0766383	0.0898204	0.198999	0.192419	3.17409	0.698787
R	1477010466050000	-16.7396	10.0743	4.95507	1.27113	-16.7175	9.9856	4.9931	1.08101	0.0765622	0.089818	0.198791	0.192414	3.17409	0.180502
L	1477010466100000	-16.4915	10.1362	4.97469	1.20937	-16.4666	10.0964	5.01876	1.08784	0.0764882	0.08974	0.198587	0.192289	2.67156	0.180502
R	1477010466150000	-16.2424	10.1952	4.99311	1.14883	-16.216	10.1593	5.03592	1.0219	0.0764156	0.0896588	0.198383	0.192172	2.67156	0.729549
L	1477010466200000	-15.9924	10.2511	5.01039	1.08956	-15.971	10.2017	5.04315	0.929621	0.0763398	0.0895916	0.198175	0.192109	0.0838473	0.729549
R	1477010466250000	-15.7416	10.3041	5.02655	1.03159	-15.7267	10.2609	5.03744	0.882672	0.0762609	0.0895178	0.197963	0.192027	0.0838473